Export of Imageset Testgame_2018_02_02_Antman (ball annotations in bounding boxes)
[team|NaoDevils]
[set|Testgame_2018_02_02_Antman]
[format: "label::annotation_type|filename|img_width|img_height|x1|y1|x2|y2|center_x|center_y|width|height"]


label::robot|16_02_2018__11_18_08_0001_upper.png|640|480|393|0|433|48|413.0|24.0|40|48
label::robot|16_02_2018__11_18_08_0001_upper.png|640|480|269|0|310|47|289.5|23.5|41|47
label::robot|16_02_2018__11_18_08_0001_upper.png|640|480|546|0|583|50|564.5|25.0|37|50
label::robot|16_02_2018__11_18_08_0002_upper.png|640|480|562|190|598|245|580.0|217.5|36|55
label::robot|16_02_2018__11_18_08_0002_upper.png|640|480|463|186|498|241|480.5|213.5|35|55
label::robot|16_02_2018__11_18_08_0002_upper.png|640|480|297|172|349|244|323.0|208.0|52|72
label::robot|16_02_2018__11_18_08_0002_upper.png|640|480|37|169|85|243|61.0|206.0|48|74
label::robot|16_02_2018__11_18_08_0002_upper.png|640|480|162|175|209|239|185.5|207.0|47|64
label::robot|16_02_2018__11_18_08_0003_upper.png|640|480|443|100|490|179|466.5|139.5|47|79
label::robot|16_02_2018__11_18_08_0003_upper.png|640|480|321|101|369|173|345.0|137.0|48|72
label::robot|16_02_2018__11_18_08_0006_upper.png|640|480|316|129|365|192|340.5|160.5|49|63
label::robot|16_02_2018__11_18_08_0006_upper.png|640|480|445|128|497|199|471.0|163.5|52|71
label::robot|16_02_2018__11_18_08_0006_upper.png|640|480|612|139|640|203|626.0|171.0|28|64
robot|16_02_2018__11_18_08_0008_upper.png|not_in_image
label::robot|16_02_2018__11_18_08_0009_upper.png|640|480|438|6|513|107|475.5|56.5|75|101
label::robot|16_02_2018__11_18_08_0009_upper.png|640|480|228|2|301|64|264.5|33.0|73|62
label::robot|16_02_2018__11_18_08_0010_upper.png|640|480|517|77|579|176|548.0|126.5|62|99
label::robot|16_02_2018__11_18_08_0012_upper.png|640|480|268|31|326|126|297.0|78.5|58|95
label::robot|16_02_2018__11_18_08_0012_upper.png|640|480|571|34|640|205|605.5|119.5|69|171
label::robot|16_02_2018__11_18_08_0015_upper.png|640|480|376|60|461|223|418.5|141.5|85|163
robot|16_02_2018__11_18_08_0016_upper.png|not_in_image
robot|16_02_2018__11_18_08_0017_upper.png|not_in_image
robot|16_02_2018__11_18_08_0018_upper.png|not_in_image
label::robot|16_02_2018__11_18_08_0019_upper.png|640|480|126|92|242|135|184.0|113.5|116|43
label::robot|16_02_2018__11_18_08_0019_upper.png|640|480|182|15|214|79|198.0|47.0|32|64
label::robot|16_02_2018__11_18_08_0019_upper.png|640|480|26|0|75|83|50.5|41.5|49|83
label::robot|16_02_2018__11_18_08_0019_upper.png|640|480|247|9|291|88|269.0|48.5|44|79
label::robot|16_02_2018__11_18_08_0019_upper.png|640|480|131|7|198|105|164.5|56.0|67|98
label::robot|16_02_2018__11_18_08_0019_upper.png|640|480|201|0|282|158|241.5|79.0|81|158
label::robot|16_02_2018__11_18_08_0019_upper.png|640|480|279|16|325|80|302.0|48.0|46|64
label::robot|16_02_2018__11_18_08_0020_upper.png|640|480|334|88|365|146|349.5|117.0|31|58
label::robot|16_02_2018__11_18_08_0020_upper.png|640|480|186|81|236|155|211.0|118.0|50|74
label::robot|16_02_2018__11_18_08_0020_upper.png|640|480|420|86|461|162|440.5|124.0|41|76
label::robot|16_02_2018__11_18_08_0020_upper.png|640|480|292|161|416|203|354.0|182.0|124|42
label::robot|16_02_2018__11_18_08_0020_upper.png|640|480|290|75|359|182|324.5|128.5|69|107
label::robot|16_02_2018__11_18_08_0020_upper.png|640|480|369|83|454|221|411.5|152.0|85|138
label::robot|16_02_2018__11_18_08_0021_upper.png|640|480|227|92|267|156|247.0|124.0|40|64
label::robot|16_02_2018__11_18_08_0021_upper.png|640|480|197|147|325|238|261.0|192.5|128|91
label::robot|16_02_2018__11_18_08_0022_upper.png|640|480|134|56|302|125|218.0|90.5|168|69
label::robot|16_02_2018__11_18_08_0022_upper.png|640|480|222|0|304|125|263.0|62.5|82|125
label::robot|16_02_2018__11_18_08_0022_upper.png|640|480|297|0|351|68|324.0|34.0|54|68
label::robot|16_02_2018__11_18_08_0022_upper.png|640|480|170|0|217|50|193.5|25.0|47|50
label::robot|16_02_2018__11_18_08_0022_upper.png|640|480|0|0|43|55|21.5|27.5|43|55
label::robot|16_02_2018__11_18_08_0024_upper.png|640|480|55|22|140|172|97.5|97.0|85|150
label::robot|16_02_2018__11_18_08_0024_upper.png|640|480|141|22|191|111|166.0|66.5|50|89
label::robot|16_02_2018__11_18_08_0024_upper.png|640|480|481|29|555|170|518.0|99.5|74|141
label::robot|16_02_2018__11_18_08_0025_upper.png|640|480|297|139|370|231|333.5|185.0|73|92
label::robot|16_02_2018__11_18_08_0025_upper.png|640|480|180|127|228|197|204.0|162.0|48|70
label::robot|16_02_2018__11_18_08_0025_upper.png|640|480|473|149|517|233|495.0|191.0|44|84
label::robot|16_02_2018__11_18_08_0025_upper.png|640|480|405|148|480|266|442.5|207.0|75|118
label::robot|16_02_2018__11_18_08_0025_upper.png|640|480|384|157|461|256|422.5|206.5|77|99
label::robot|16_02_2018__11_18_08_0025_upper.png|640|480|369|145|401|198|385.0|171.5|32|53
label::robot|16_02_2018__11_18_08_0027_upper.png|640|480|0|55|54|161|27.0|108.0|54|106
label::robot|16_02_2018__11_18_08_0027_upper.png|640|480|36|62|84|125|60.0|93.5|48|63
label::robot|16_02_2018__11_18_08_0027_upper.png|640|480|469|85|540|219|504.5|152.0|71|134
label::robot|16_02_2018__11_18_08_0027_upper.png|640|480|108|68|195|202|151.5|135.0|87|134
label::robot|16_02_2018__11_18_08_0027_upper.png|640|480|151|66|192|142|171.5|104.0|41|76
label::robot|16_02_2018__11_18_08_0027_upper.png|640|480|80|68|154|177|117.0|122.5|74|109
label::robot|16_02_2018__11_18_08_0028_upper.png|640|480|418|79|467|145|442.5|112.0|49|66
label::robot|16_02_2018__11_18_08_0028_upper.png|640|480|534|78|565|143|549.5|110.5|31|65
label::robot|16_02_2018__11_18_08_0028_upper.png|640|480|578|69|640|169|609.0|119.0|62|100
label::robot|16_02_2018__11_18_08_0029_upper.png|640|480|446|90|514|213|480.0|151.5|68|123
label::robot|16_02_2018__11_18_08_0029_upper.png|640|480|126|73|177|153|151.5|113.0|51|80
label::robot|16_02_2018__11_18_08_0029_upper.png|640|480|36|64|113|186|74.5|125.0|77|122
label::robot|16_02_2018__11_18_08_0029_upper.png|640|480|0|64|21|157|10.5|110.5|21|93
label::robot|16_02_2018__11_18_08_0029_upper.png|640|480|12|67|47|122|29.5|94.5|35|55
label::robot|16_02_2018__11_18_08_0029_upper.png|640|480|82|68|158|196|120.0|132.0|76|128
label::robot|16_02_2018__11_18_08_0043_upper.png|640|480|590|66|640|208|615.0|137.0|50|142
label::robot|16_02_2018__11_18_08_0043_upper.png|640|480|483|79|554|169|518.5|124.0|71|90
label::robot|16_02_2018__11_18_08_0043_upper.png|640|480|534|82|565|143|549.5|112.5|31|61
label::robot|16_02_2018__11_18_08_0043_upper.png|640|480|385|64|451|202|418.0|133.0|66|138
label::robot|16_02_2018__11_18_08_0043_upper.png|640|480|358|77|391|137|374.5|107.0|33|60
label::robot|16_02_2018__11_18_08_0043_upper.png|640|480|390|82|417|127|403.5|104.5|27|45
label::robot|16_02_2018__11_18_08_0044_upper.png|640|480|335|94|388|211|361.5|152.5|53|117
label::robot|16_02_2018__11_18_08_0044_upper.png|640|480|0|53|43|147|21.5|100.0|43|94
label::robot|16_02_2018__11_18_08_0058_upper.png|640|480|279|97|333|215|306.0|156.0|54|118
label::robot|16_02_2018__11_18_08_0062_upper.png|640|480|464|145|482|191|473.0|168.0|18|46
label::robot|16_02_2018__11_18_08_0062_upper.png|640|480|485|142|514|190|499.5|166.0|29|48
label::robot|16_02_2018__11_18_08_0062_upper.png|640|480|430|128|483|253|456.5|190.5|53|125
label::robot|16_02_2018__11_18_08_0066_upper.png|640|480|517|11|640|431|578.5|221.0|123|420
label::robot|16_02_2018__11_18_08_0067_upper.png|640|480|79|6|188|163|133.5|84.5|109|157
label::robot|16_02_2018__11_18_08_0067_upper.png|640|480|0|0|44|102|22.0|51.0|44|102
label::robot|16_02_2018__11_18_08_0068_upper.png|640|480|397|0|502|154|449.5|77.0|105|154
label::robot|16_02_2018__11_18_08_0068_upper.png|640|480|278|0|348|75|313.0|37.5|70|75
label::robot|16_02_2018__11_18_08_0068_upper.png|640|480|89|0|177|87|133.0|43.5|88|87
label::robot|16_02_2018__11_18_08_0068_upper.png|640|480|26|0|68|41|47.0|20.5|42|41
label::robot|16_02_2018__11_18_08_0068_upper.png|640|480|0|4|25|44|12.5|24.0|25|40
label::robot|16_02_2018__11_18_08_0072_upper.png|640|480|180|3|301|198|240.5|100.5|121|195
label::robot|16_02_2018__11_18_08_0072_upper.png|640|480|0|0|63|106|31.5|53.0|63|106
label::robot|16_02_2018__11_18_08_0072_upper.png|640|480|307|0|383|180|345.0|90.0|76|180
label::robot|16_02_2018__11_18_08_0074_upper.png|640|480|129|0|199|180|164.0|90.0|70|180
label::robot|16_02_2018__11_18_08_0074_upper.png|640|480|54|0|158|196|106.0|98.0|104|196
label::robot|16_02_2018__11_18_08_0075_upper.png|640|480|41|0|174|179|107.5|89.5|133|179
label::robot|16_02_2018__11_18_08_0075_upper.png|640|480|143|0|255|172|199.0|86.0|112|172
label::robot|16_02_2018__11_18_08_0076_upper.png|640|480|71|0|189|190|130.0|95.0|118|190
label::robot|16_02_2018__11_18_08_0076_upper.png|640|480|173|4|283|190|228.0|97.0|110|186
label::robot|16_02_2018__11_18_08_0077_upper.png|640|480|103|0|227|195|165.0|97.5|124|195
label::robot|16_02_2018__11_18_08_0077_upper.png|640|480|206|0|315|207|260.5|103.5|109|207
label::robot|16_02_2018__11_18_08_0078_upper.png|640|480|114|0|241|206|177.5|103.0|127|206
label::robot|16_02_2018__11_18_08_0078_upper.png|640|480|221|0|350|210|285.5|105.0|129|210
label::robot|16_02_2018__11_18_08_0079_upper.png|640|480|193|0|341|227|267.0|113.5|148|227
label::robot|16_02_2018__11_18_08_0079_upper.png|640|480|56|0|188|159|122.0|79.5|132|159
label::robot|16_02_2018__11_18_08_0080_upper.png|640|480|57|0|259|236|158.0|118.0|202|236
label::robot|16_02_2018__11_18_08_0081_upper.png|640|480|82|0|293|216|187.5|108.0|211|216
label::robot|16_02_2018__11_18_08_0081_upper.png|640|480|0|0|63|109|31.5|54.5|63|109
label::robot|16_02_2018__11_18_08_0082_upper.png|640|480|49|3|291|302|170.0|152.5|242|299
label::robot|16_02_2018__11_18_08_0084_upper.png|640|480|176|2|640|480|408.0|241.0|464|478
label::robot|16_02_2018__11_18_08_0084_upper.png|640|480|0|0|153|376|76.5|188.0|153|376
label::robot|16_02_2018__11_18_08_0087_upper.png|640|480|71|4|472|480|271.5|242.0|401|476
label::robot|16_02_2018__11_18_08_0088_upper.png|640|480|174|3|515|480|344.5|241.5|341|477
label::robot|16_02_2018__11_18_08_0089_upper.png|640|480|1|153|267|477|134.0|315.0|266|324
label::robot|16_02_2018__11_18_08_0090_upper.png|640|480|58|29|397|477|227.5|253.0|339|448
label::robot|16_02_2018__11_18_08_0091_upper.png|640|480|0|1|526|480|263.0|240.5|526|479
robot|16_02_2018__11_18_08_0096_upper.png|not_in_image
label::robot|16_02_2018__11_18_08_0097_upper.png|640|480|68|0|226|64|147.0|32.0|158|64
robot|16_02_2018__11_18_08_0104_upper.png|not_in_image
label::robot|16_02_2018__11_18_08_0105_upper.png|640|480|498|0|614|164|556.0|82.0|116|164
robot|16_02_2018__11_18_08_0106_upper.png|not_in_image
robot|16_02_2018__11_18_08_0107_upper.png|not_in_image
label::robot|16_02_2018__11_18_08_0109_upper.png|640|480|69|5|173|266|121.0|135.5|104|261
label::robot|16_02_2018__11_18_08_0109_upper.png|640|480|531|26|591|107|561.0|66.5|60|81
label::robot|16_02_2018__11_18_08_0109_upper.png|640|480|610|27|640|111|625.0|69.0|30|84
robot|16_02_2018__11_18_08_0112_upper.png|not_in_image
robot|16_02_2018__11_18_08_0113_upper.png|not_in_image
label::robot|16_02_2018__11_18_08_0114_upper.png|640|480|134|0|172|23|153.0|11.5|38|23
label::robot|16_02_2018__11_18_08_0116_upper.png|640|480|586|124|634|194|610.0|159.0|48|70
label::robot|16_02_2018__11_18_08_0116_upper.png|640|480|487|2|612|227|549.5|114.5|125|225
label::robot|16_02_2018__11_18_08_0117_upper.png|640|480|288|6|414|227|351.0|116.5|126|221
label::robot|16_02_2018__11_18_08_0117_upper.png|640|480|410|55|526|196|468.0|125.5|116|141
label::robot|16_02_2018__11_18_08_0117_upper.png|640|480|511|17|633|212|572.0|114.5|122|195
label::robot|16_02_2018__11_18_08_0118_upper.png|640|480|314|4|586|478|450.0|241.0|272|474
label::robot|16_02_2018__11_18_08_0118_upper.png|640|480|588|136|640|385|614.0|260.5|52|249
label::robot|16_02_2018__11_18_08_0118_upper.png|640|480|93|4|221|198|157.0|101.0|128|194
label::robot|16_02_2018__11_18_08_0118_upper.png|640|480|0|0|131|174|65.5|87.0|131|174
label::robot|16_02_2018__11_18_08_0119_upper.png|640|480|369|6|640|480|504.5|243.0|271|474
label::robot|16_02_2018__11_18_08_0119_upper.png|640|480|90|0|232|145|161.0|72.5|142|145
label::robot|16_02_2018__11_18_08_0119_upper.png|640|480|0|0|106|273|53.0|136.5|106|273
label::robot|16_02_2018__11_18_08_0120_upper.png|640|480|436|4|640|389|538.0|196.5|204|385
label::robot|16_02_2018__11_18_08_0120_upper.png|640|480|381|0|581|167|481.0|83.5|200|167
label::robot|16_02_2018__11_18_08_0121_upper.png|640|480|92|11|369|423|230.5|217.0|277|412
label::robot|16_02_2018__11_18_08_0121_upper.png|640|480|413|25|589|364|501.0|194.5|176|339
label::robot|16_02_2018__11_18_08_0121_upper.png|640|480|537|252|640|468|588.5|360.0|103|216
label::robot|16_02_2018__11_18_08_0122_upper.png|640|480|148|4|333|422|240.5|213.0|185|418
label::robot|16_02_2018__11_18_08_0124_upper.png|640|480|0|95|179|427|89.5|261.0|179|332
label::robot|16_02_2018__11_18_08_0126_upper.png|640|480|297|61|434|304|365.5|182.5|137|243
label::robot|16_02_2018__11_18_08_0127_upper.png|640|480|177|145|298|336|237.5|240.5|121|191
label::robot|16_02_2018__11_18_08_0127_upper.png|640|480|485|153|530|274|507.5|213.5|45|121
label::robot|16_02_2018__11_18_08_0127_upper.png|640|480|535|156|573|252|554.0|204.0|38|96
label::robot|16_02_2018__11_18_08_0128_upper.png|640|480|230|92|348|267|289.0|179.5|118|175
label::robot|16_02_2018__11_18_08_0131_upper.png|640|480|493|55|640|423|566.5|239.0|147|368
label::robot|16_02_2018__11_18_08_0131_upper.png|640|480|152|78|245|203|198.5|140.5|93|125
label::robot|16_02_2018__11_18_08_0131_upper.png|640|480|359|77|433|189|396.0|133.0|74|112
label::robot|16_02_2018__11_18_08_0131_upper.png|640|480|431|82|468|150|449.5|116.0|37|68
label::robot|16_02_2018__11_18_08_0133_upper.png|640|480|250|52|454|384|352.0|218.0|204|332
label::robot|16_02_2018__11_18_08_0133_upper.png|640|480|349|206|509|305|429.0|255.5|160|99
label::robot|16_02_2018__11_18_08_0134_upper.png|640|480|182|203|324|299|253.0|251.0|142|96
label::robot|16_02_2018__11_18_08_0134_upper.png|640|480|44|48|248|377|146.0|212.5|204|329
label::robot|16_02_2018__11_18_08_0136_upper.png|640|480|382|58|601|391|491.5|224.5|219|333
label::robot|16_02_2018__11_18_08_0137_upper.png|640|480|466|59|640|409|553.0|234.0|174|350
label::robot|16_02_2018__11_18_08_0138_upper.png|640|480|397|50|617|396|507.0|223.0|220|346
label::robot|16_02_2018__11_18_08_0139_upper.png|640|480|441|54|637|397|539.0|225.5|196|343
label::robot|16_02_2018__11_18_08_0140_upper.png|640|480|453|48|640|407|546.5|227.5|187|359
label::robot|16_02_2018__11_18_08_0141_upper.png|640|480|0|52|96|404|48.0|228.0|96|352
label::robot|16_02_2018__11_18_08_0141_upper.png|640|480|167|102|201|158|184.0|130.0|34|56
label::robot|16_02_2018__11_18_08_0141_upper.png|640|480|531|151|617|275|574.0|213.0|86|124
label::robot|16_02_2018__11_18_08_0142_upper.png|640|480|457|52|638|422|547.5|237.0|181|370
label::robot|16_02_2018__11_18_08_0143_upper.png|640|480|229|50|442|384|335.5|217.0|213|334
label::robot|16_02_2018__11_18_08_0144_upper.png|640|480|65|47|294|388|179.5|217.5|229|341
label::robot|16_02_2018__11_18_08_0147_upper.png|640|480|71|46|296|397|183.5|221.5|225|351
label::robot|16_02_2018__11_18_08_0148_upper.png|640|480|204|54|407|386|305.5|220.0|203|332
label::robot|16_02_2018__11_18_08_0149_upper.png|640|480|513|57|640|423|576.5|240.0|127|366
label::robot|16_02_2018__11_18_08_0150_upper.png|640|480|0|23|109|403|54.5|213.0|109|380
label::robot|16_02_2018__11_18_08_0151_upper.png|640|480|425|58|640|409|532.5|233.5|215|351
label::robot|16_02_2018__11_18_08_0152_upper.png|640|480|175|52|396|392|285.5|222.0|221|340
label::robot|16_02_2018__11_18_08_0153_upper.png|640|480|360|52|575|394|467.5|223.0|215|342
label::robot|16_02_2018__11_18_08_0154_upper.png|640|480|69|58|293|396|181.0|227.0|224|338
label::robot|16_02_2018__11_18_08_0155_upper.png|640|480|275|54|472|386|373.5|220.0|197|332
label::robot|16_02_2018__11_18_08_0156_upper.png|640|480|488|72|562|205|525.0|138.5|74|133
label::robot|16_02_2018__11_18_08_0157_upper.png|640|480|187|43|402|385|294.5|214.0|215|342
label::robot|16_02_2018__11_18_08_0158_upper.png|640|480|106|48|313|396|209.5|222.0|207|348
label::robot|16_02_2018__11_18_08_0159_upper.png|640|480|388|75|464|202|426.0|138.5|76|127
label::robot|16_02_2018__11_18_08_0159_upper.png|640|480|571|68|640|198|605.5|133.0|69|130
label::robot|16_02_2018__11_18_08_0160_upper.png|640|480|147|53|357|388|252.0|220.5|210|335
label::robot|16_02_2018__11_18_08_0161_upper.png|640|480|55|53|265|398|160.0|225.5|210|345
label::robot|16_02_2018__11_18_08_0163_upper.png|640|480|445|61|640|415|542.5|238.0|195|354
label::robot|16_02_2018__11_18_08_0164_upper.png|640|480|506|186|601|280|553.5|233.0|95|94
label::robot|16_02_2018__11_18_08_0164_upper.png|640|480|0|42|96|406|48.0|224.0|96|364
label::robot|16_02_2018__11_18_08_0164_upper.png|640|480|153|112|201|166|177.0|139.0|48|54
label::robot|16_02_2018__11_18_08_0165_upper.png|640|480|468|54|640|423|554.0|238.5|172|369
label::robot|16_02_2018__11_18_08_0166_upper.png|640|480|313|84|405|198|359.0|141.0|92|114
label::robot|16_02_2018__11_18_08_0166_upper.png|640|480|490|80|566|198|528.0|139.0|76|118
label::robot|16_02_2018__11_18_08_0166_upper.png|640|480|547|88|606|190|576.5|139.0|59|102
label::robot|16_02_2018__11_18_08_0166_upper.png|640|480|600|94|634|156|617.0|125.0|34|62
label::robot|16_02_2018__11_18_08_0167_upper.png|640|480|0|48|203|407|101.5|227.5|203|359
label::robot|16_02_2018__11_18_08_0168_upper.png|640|480|331|13|563|366|447.0|189.5|232|353
label::robot|16_02_2018__11_18_08_0169_upper.png|640|480|483|17|571|110|527.0|63.5|88|93
label::robot|16_02_2018__11_18_08_0170_upper.png|640|480|263|0|493|194|378.0|97.0|230|194
label::robot|16_02_2018__11_18_08_0171_upper.png|640|480|416|15|640|215|528.0|115.0|224|200
label::robot|16_02_2018__11_18_08_0172_upper.png|640|480|513|16|584|87|548.5|51.5|71|71
label::robot|16_02_2018__11_18_08_0173_upper.png|640|480|289|0|548|201|418.5|100.5|259|201
label::robot|16_02_2018__11_18_08_0174_upper.png|640|480|367|5|616|208|491.5|106.5|249|203
robot|16_02_2018__11_18_08_0175_upper.png|not_in_image
label::robot|16_02_2018__11_18_08_0176_upper.png|640|480|376|0|439|94|407.5|47.0|63|94
label::robot|16_02_2018__11_18_08_0177_upper.png|640|480|289|0|523|175|406.0|87.5|234|175
robot|16_02_2018__11_18_08_0178_upper.png|not_in_image
robot|16_02_2018__11_18_08_0179_upper.png|not_in_image
robot|16_02_2018__11_18_08_0180_upper.png|not_in_image
robot|16_02_2018__11_18_08_0181_upper.png|not_in_image
robot|16_02_2018__11_18_08_0182_upper.png|not_in_image
robot|16_02_2018__11_18_08_0183_upper.png|not_in_image
robot|16_02_2018__11_18_08_0185_upper.png|not_in_image
robot|16_02_2018__11_18_08_0186_upper.png|not_in_image
label::robot|16_02_2018__11_18_08_0187_upper.png|640|480|491|70|597|269|544.0|169.5|106|199
label::robot|16_02_2018__11_18_08_0188_upper.png|640|480|502|101|564|170|533.0|135.5|62|69
label::robot|16_02_2018__11_18_08_0188_upper.png|640|480|165|15|281|215|223.0|115.0|116|200
label::robot|16_02_2018__11_18_08_0188_upper.png|640|480|147|32|181|86|164.0|59.0|34|54
robot|16_02_2018__11_18_08_0190_upper.png|not_in_image
label::robot|16_02_2018__11_18_08_0193_upper.png|640|480|450|90|541|299|495.5|194.5|91|209
label::robot|16_02_2018__11_18_08_0193_upper.png|640|480|265|80|328|199|296.5|139.5|63|119
label::robot|16_02_2018__11_18_08_0193_upper.png|640|480|21|128|134|174|77.5|151.0|113|46
label::robot|16_02_2018__11_18_08_0194_upper.png|640|480|490|92|568|230|529.0|161.0|78|138
label::robot|16_02_2018__11_18_08_0194_upper.png|640|480|235|149|339|190|287.0|169.5|104|41
label::robot|16_02_2018__11_18_08_0195_upper.png|640|480|488|78|575|274|531.5|176.0|87|196
label::robot|16_02_2018__11_18_08_0195_upper.png|640|480|503|115|526|161|514.5|138.0|23|46
label::robot|16_02_2018__11_18_08_0195_upper.png|640|480|369|89|418|211|393.5|150.0|49|122
label::robot|16_02_2018__11_18_08_0195_upper.png|640|480|99|128|181|177|140.0|152.5|82|49
label::robot|16_02_2018__11_18_08_0195_upper.png|640|480|96|74|132|139|114.0|106.5|36|65
label::robot|16_02_2018__11_18_08_0195_upper.png|640|480|128|72|161|136|144.5|104.0|33|64
label::robot|16_02_2018__11_18_08_0195_upper.png|640|480|166|79|204|139|185.0|109.0|38|60
label::robot|16_02_2018__11_18_08_0197_upper.png|640|480|384|79|480|262|432.0|170.5|96|183
label::robot|16_02_2018__11_18_08_0197_upper.png|640|480|305|70|360|196|332.5|133.0|55|126
label::robot|16_02_2018__11_18_08_0197_upper.png|640|480|360|107|385|141|372.5|124.0|25|34
label::robot|16_02_2018__11_18_08_0198_upper.png|640|480|570|96|632|227|601.0|161.5|62|131
label::robot|16_02_2018__11_18_08_0198_upper.png|640|480|232|109|291|186|261.5|147.5|59|77
label::robot|16_02_2018__11_18_08_0198_upper.png|640|480|263|97|297|148|280.0|122.5|34|51
label::robot|16_02_2018__11_18_08_0198_upper.png|640|480|327|100|366|143|346.5|121.5|39|43
label::robot|16_02_2018__11_18_08_0200_upper.png|640|480|594|123|640|301|617.0|212.0|46|178
label::robot|16_02_2018__11_18_08_0200_upper.png|640|480|552|115|620|239|586.0|177.0|68|124
label::robot|16_02_2018__11_18_08_0201_upper.png|640|480|454|75|540|245|497.0|160.0|86|170
label::robot|16_02_2018__11_18_08_0201_upper.png|640|480|65|63|122|160|93.5|111.5|57|97
label::robot|16_02_2018__11_18_08_0201_upper.png|640|480|88|70|131|129|109.5|99.5|43|59
label::robot|16_02_2018__11_18_08_0202_upper.png|640|480|382|63|465|244|423.5|153.5|83|181
label::robot|16_02_2018__11_18_08_0202_upper.png|640|480|380|72|415|132|397.5|102.0|35|60
label::robot|16_02_2018__11_18_08_0203_upper.png|640|480|122|68|212|243|167.0|155.5|90|175
label::robot|16_02_2018__11_18_08_0203_upper.png|640|480|193|98|229|144|211.0|121.0|36|46
label::robot|16_02_2018__11_18_08_0203_upper.png|640|480|129|76|155|126|142.0|101.0|26|50
label::robot|16_02_2018__11_18_08_0204_upper.png|640|480|471|90|552|277|511.5|183.5|81|187
label::robot|16_02_2018__11_18_08_0204_upper.png|640|480|460|108|488|155|474.0|131.5|28|47
label::robot|16_02_2018__11_18_08_0204_upper.png|640|480|535|128|560|182|547.5|155.0|25|54
label::robot|16_02_2018__11_18_08_0204_upper.png|640|480|109|55|170|163|139.5|109.0|61|108
label::robot|16_02_2018__11_18_08_0204_upper.png|640|480|213|72|243|130|228.0|101.0|30|58
label::robot|16_02_2018__11_18_08_0204_upper.png|640|480|138|65|166|126|152.0|95.5|28|61
label::robot|16_02_2018__11_18_08_0204_upper.png|640|480|109|71|129|132|119.0|101.5|20|61
label::robot|16_02_2018__11_18_08_0207_upper.png|640|480|216|22|311|192|263.5|107.0|95|170
label::robot|16_02_2018__11_18_08_0207_upper.png|640|480|298|43|350|152|324.0|97.5|52|109
label::robot|16_02_2018__11_18_08_0208_upper.png|640|480|362|27|472|228|417.0|127.5|110|201
label::robot|16_02_2018__11_18_08_0208_upper.png|640|480|449|38|483|153|466.0|95.5|34|115
label::robot|16_02_2018__11_18_08_0208_upper.png|640|480|482|58|507|113|494.5|85.5|25|55
label::robot|16_02_2018__11_18_08_0208_upper.png|640|480|0|0|56|92|28.0|46.0|56|92
label::robot|16_02_2018__11_18_08_0208_upper.png|640|480|129|0|153|57|141.0|28.5|24|57
label::robot|16_02_2018__11_18_08_0208_upper.png|640|480|47|0|78|51|62.5|25.5|31|51
label::robot|16_02_2018__11_18_08_0210_upper.png|640|480|508|102|538|153|523.0|127.5|30|51
label::robot|16_02_2018__11_18_08_0210_upper.png|640|480|19|51|81|141|50.0|96.0|62|90
label::robot|16_02_2018__11_18_08_0210_upper.png|640|480|160|67|186|112|173.0|89.5|26|45
label::robot|16_02_2018__11_18_08_0210_upper.png|640|480|371|71|483|265|427.0|168.0|112|194
label::robot|16_02_2018__11_18_08_0210_upper.png|640|480|463|92|518|192|490.5|142.0|55|100
label::robot|16_02_2018__11_18_08_0210_upper.png|640|480|72|56|108|116|90.0|86.0|36|60
label::robot|16_02_2018__11_18_08_0212_upper.png|640|480|363|46|509|281|436.0|163.5|146|235
label::robot|16_02_2018__11_18_08_0212_upper.png|640|480|449|67|491|169|470.0|118.0|42|102
label::robot|16_02_2018__11_18_08_0212_upper.png|640|480|518|71|556|140|537.0|105.5|38|69
label::robot|16_02_2018__11_18_08_0212_upper.png|640|480|46|47|102|140|74.0|93.5|56|93
label::robot|16_02_2018__11_18_08_0212_upper.png|640|480|92|58|126|120|109.0|89.0|34|62
label::robot|16_02_2018__11_18_08_0212_upper.png|640|480|180|56|208|116|194.0|86.0|28|60
label::robot|16_02_2018__11_18_08_0213_upper.png|640|480|524|32|640|303|582.0|167.5|116|271
label::robot|16_02_2018__11_18_08_0213_upper.png|640|480|352|73|378|116|365.0|94.5|26|43
label::robot|16_02_2018__11_18_08_0213_upper.png|640|480|241|70|284|145|262.5|107.5|43|75
label::robot|16_02_2018__11_18_08_0213_upper.png|640|480|269|70|299|125|284.0|97.5|30|55
label::robot|16_02_2018__11_18_08_0214_upper.png|640|480|399|80|427|137|413.0|108.5|28|57
label::robot|16_02_2018__11_18_08_0214_upper.png|640|480|243|44|395|294|319.0|169.0|152|250
label::robot|16_02_2018__11_18_08_0214_upper.png|640|480|63|68|87|119|75.0|93.5|24|51
label::robot|16_02_2018__11_18_08_0214_upper.png|640|480|266|69|308|162|287.0|115.5|42|93
label::robot|16_02_2018__11_18_08_0214_upper.png|640|480|341|80|362|126|351.5|103.0|21|46
label::robot|16_02_2018__11_18_08_0215_upper.png|640|480|17|76|55|137|36.0|106.5|38|61
label::robot|16_02_2018__11_18_08_0216_upper.png|640|480|0|62|143|341|71.5|201.5|143|279
label::robot|16_02_2018__11_18_08_0216_upper.png|640|480|99|87|132|146|115.5|116.5|33|59
robot|16_02_2018__11_18_08_0217_upper.png|not_in_image
robot|16_02_2018__11_18_08_0218_upper.png|not_in_image
robot|16_02_2018__11_18_08_0219_upper.png|not_in_image
label::robot|16_02_2018__11_18_08_0221_upper.png|640|480|244|85|287|154|265.5|119.5|43|69
label::robot|16_02_2018__11_18_08_0221_upper.png|640|480|0|27|242|398|121.0|212.5|242|371
label::robot|16_02_2018__11_18_08_0223_upper.png|640|480|11|74|58|164|34.5|119.0|47|90
label::robot|16_02_2018__11_18_08_0223_upper.png|640|480|0|48|61|410|30.5|229.0|61|362
label::robot|16_02_2018__11_18_08_0225_upper.png|640|480|488|38|640|417|564.0|227.5|152|379
label::robot|16_02_2018__11_18_08_0225_upper.png|640|480|219|69|276|191|247.5|130.0|57|122
label::robot|16_02_2018__11_18_08_0225_upper.png|640|480|417|70|487|173|452.0|121.5|70|103
label::robot|16_02_2018__11_18_08_0225_upper.png|640|480|507|84|542|133|524.5|108.5|35|49
label::robot|16_02_2018__11_18_08_0225_upper.png|640|480|469|68|500|137|484.5|102.5|31|69
label::robot|16_02_2018__11_18_08_0226_upper.png|640|480|0|27|210|430|105.0|228.5|210|403
label::robot|16_02_2018__11_18_08_0226_upper.png|640|480|166|79|216|162|191.0|120.5|50|83
label::robot|16_02_2018__11_18_08_0227_upper.png|640|480|516|81|568|152|542.0|116.5|52|71
label::robot|16_02_2018__11_18_08_0227_upper.png|640|480|609|70|640|191|624.5|130.5|31|121
label::robot|16_02_2018__11_18_08_0227_upper.png|640|480|524|81|607|191|565.5|136.0|83|110
label::robot|16_02_2018__11_18_08_0227_upper.png|640|480|328|82|423|190|375.5|136.0|95|108
label::robot|16_02_2018__11_18_08_0227_upper.png|640|480|586|84|619|130|602.5|107.0|33|46
label::robot|16_02_2018__11_18_08_0228_upper.png|640|480|244|50|464|393|354.0|221.5|220|343
label::robot|16_02_2018__11_18_08_0228_upper.png|640|480|431|90|490|174|460.5|132.0|59|84
label::robot|16_02_2018__11_18_08_0229_upper.png|640|480|94|41|325|396|209.5|218.5|231|355
label::robot|16_02_2018__11_18_08_0229_upper.png|640|480|279|79|333|173|306.0|126.0|54|94
label::robot|16_02_2018__11_18_08_0229_upper.png|640|480|0|49|106|201|53.0|125.0|106|152
label::robot|16_02_2018__11_18_08_0229_upper.png|640|480|73|70|116|124|94.5|97.0|43|54
label::robot|16_02_2018__11_18_08_0229_upper.png|640|480|117|72|146|125|131.5|98.5|29|53
label::robot|16_02_2018__11_18_08_0232_upper.png|640|480|478|103|565|202|521.5|152.5|87|99
label::robot|16_02_2018__11_18_08_0232_upper.png|640|480|566|62|640|229|603.0|145.5|74|167
label::robot|16_02_2018__11_18_08_0233_upper.png|640|480|170|53|358|396|264.0|224.5|188|343
label::robot|16_02_2018__11_18_08_0233_upper.png|640|480|302|82|353|168|327.5|125.0|51|86
label::robot|16_02_2018__11_18_08_0233_upper.png|640|480|0|51|94|219|47.0|135.0|94|168
label::robot|16_02_2018__11_18_08_0233_upper.png|640|480|78|67|134|167|106.0|117.0|56|100
label::robot|16_02_2018__11_18_08_0234_upper.png|640|480|57|39|261|416|159.0|227.5|204|377
label::robot|16_02_2018__11_18_08_0234_upper.png|640|480|184|79|248|172|216.0|125.5|64|93
label::robot|16_02_2018__11_18_08_0234_upper.png|640|480|0|57|47|129|23.5|93.0|47|72
label::robot|16_02_2018__11_18_08_0234_upper.png|640|480|42|66|81|129|61.5|97.5|39|63
label::robot|16_02_2018__11_18_08_0235_upper.png|640|480|499|73|556|197|527.5|135.0|57|124
label::robot|16_02_2018__11_18_08_0235_upper.png|640|480|562|69|640|230|601.0|149.5|78|161
label::robot|16_02_2018__11_18_08_0236_upper.png|640|480|261|48|436|389|348.5|218.5|175|341
label::robot|16_02_2018__11_18_08_0236_upper.png|640|480|382|86|436|171|409.0|128.5|54|85
label::robot|16_02_2018__11_18_08_0236_upper.png|640|480|107|63|208|209|157.5|136.0|101|146
label::robot|16_02_2018__11_18_08_0236_upper.png|640|480|36|54|91|185|63.5|119.5|55|131
label::robot|16_02_2018__11_18_08_0236_upper.png|640|480|172|62|227|160|199.5|111.0|55|98
label::robot|16_02_2018__11_18_08_0236_upper.png|640|480|222|80|261|134|241.5|107.0|39|54
label::robot|16_02_2018__11_18_08_0236_upper.png|640|480|256|74|289|134|272.5|104.0|33|60
label::robot|16_02_2018__11_18_08_0237_upper.png|640|480|394|56|589|406|491.5|231.0|195|350
label::robot|16_02_2018__11_18_08_0237_upper.png|640|480|174|69|230|191|202.0|130.0|56|122
label::robot|16_02_2018__11_18_08_0237_upper.png|640|480|241|69|322|213|281.5|141.0|81|144
label::robot|16_02_2018__11_18_08_0237_upper.png|640|480|300|76|355|166|327.5|121.0|55|90
label::robot|16_02_2018__11_18_08_0237_upper.png|640|480|344|81|382|140|363.0|110.5|38|59
label::robot|16_02_2018__11_18_08_0237_upper.png|640|480|383|83|412|136|397.5|109.5|29|53
label::robot|16_02_2018__11_18_08_0238_upper.png|640|480|418|82|463|189|440.5|135.5|45|107
label::robot|16_02_2018__11_18_08_0238_upper.png|640|480|489|77|576|226|532.5|151.5|87|149
label::robot|16_02_2018__11_18_08_0238_upper.png|640|480|549|85|608|180|578.5|132.5|59|95
label::robot|16_02_2018__11_18_08_0238_upper.png|640|480|600|87|638|142|619.0|114.5|38|55
robot|16_02_2018__11_18_08_0239_upper.png|not_in_image
robot|16_02_2018__11_18_08_0240_upper.png|not_in_image
robot|16_02_2018__11_18_08_0241_upper.png|not_in_image
robot|16_02_2018__11_18_08_0242_upper.png|not_in_image
robot|16_02_2018__11_18_08_0243_upper.png|not_in_image
label::robot|16_02_2018__11_18_08_0250_upper.png|640|480|449|109|552|346|500.5|227.5|103|237
label::robot|16_02_2018__11_18_08_0251_upper.png|640|480|273|123|365|228|319.0|175.5|92|105
robot|16_02_2018__11_18_08_0256_upper.png|not_in_image
robot|16_02_2018__11_18_08_0260_upper.png|not_in_image
label::robot|16_02_2018__11_18_08_0263_upper.png|640|480|531|90|589|225|560.0|157.5|58|135
label::robot|16_02_2018__11_18_08_0263_upper.png|640|480|608|99|640|162|624.0|130.5|32|63
label::robot|16_02_2018__11_18_08_0264_upper.png|640|480|78|64|146|195|112.0|129.5|68|131
label::robot|16_02_2018__11_18_08_0264_upper.png|640|480|153|75|196|130|174.5|102.5|43|55
label::robot|16_02_2018__11_18_08_0264_upper.png|640|480|415|91|466|167|440.5|129.0|51|76
label::robot|16_02_2018__11_18_08_0264_upper.png|640|480|252|76|337|206|294.5|141.0|85|130
label::robot|16_02_2018__11_18_08_0264_upper.png|640|480|233|79|287|166|260.0|122.5|54|87
label::robot|16_02_2018__11_18_08_0264_upper.png|640|480|222|79|248|127|235.0|103.0|26|48
label::robot|16_02_2018__11_18_08_0265_upper.png|640|480|270|99|372|195|321.0|147.0|102|96
label::robot|16_02_2018__11_18_08_0265_upper.png|640|480|467|77|553|219|510.0|148.0|86|142
label::robot|16_02_2018__11_18_08_0265_upper.png|640|480|373|83|408|138|390.5|110.5|35|55
label::robot|16_02_2018__11_18_08_0265_upper.png|640|480|443|83|500|171|471.5|127.0|57|88
label::robot|16_02_2018__11_18_08_0265_upper.png|640|480|434|83|464|135|449.0|109.0|30|52
label::robot|16_02_2018__11_18_08_0268_upper.png|640|480|340|91|408|184|374.0|137.5|68|93
label::robot|16_02_2018__11_18_08_0268_upper.png|640|480|0|115|97|221|48.5|168.0|97|106
label::robot|16_02_2018__11_18_08_0268_upper.png|640|480|67|69|117|142|92.0|105.5|50|73
label::robot|16_02_2018__11_18_08_0268_upper.png|640|480|139|81|174|135|156.5|108.0|35|54
label::robot|16_02_2018__11_18_08_0268_upper.png|640|480|165|80|258|219|211.5|149.5|93|139
label::robot|16_02_2018__11_18_08_0268_upper.png|640|480|237|85|301|197|269.0|141.0|64|112
label::robot|16_02_2018__11_18_08_0276_upper.png|640|480|63|0|141|100|102.0|50.0|78|100
label::robot|16_02_2018__11_18_08_0276_upper.png|640|480|327|5|418|158|372.5|81.5|91|153
label::robot|16_02_2018__11_18_08_0276_upper.png|640|480|271|0|347|139|309.0|69.5|76|139
robot|16_02_2018__11_18_08_0280_upper.png|not_in_image
label::robot|16_02_2018__11_18_08_0282_upper.png|640|480|122|0|227|143|174.5|71.5|105|143
label::robot|16_02_2018__11_18_08_0282_upper.png|640|480|567|2|640|117|603.5|59.5|73|115
label::robot|16_02_2018__11_18_08_0282_upper.png|640|480|315|26|402|117|358.5|71.5|87|91
label::robot|16_02_2018__11_18_08_0282_upper.png|640|480|395|10|450|73|422.5|41.5|55|63
label::robot|16_02_2018__11_18_08_0282_upper.png|640|480|299|8|339|79|319.0|43.5|40|71
label::robot|16_02_2018__11_18_08_0282_upper.png|640|480|331|11|362|78|346.5|44.5|31|67
label::robot|16_02_2018__11_18_08_0284_upper.png|640|480|59|135|139|271|99.0|203.0|80|136
label::robot|16_02_2018__11_18_08_0284_upper.png|640|480|506|90|581|196|543.5|143.0|75|106
label::robot|16_02_2018__11_18_08_0284_upper.png|640|480|350|122|400|177|375.0|149.5|50|55
label::robot|16_02_2018__11_18_08_0284_upper.png|640|480|254|130|337|224|295.5|177.0|83|94
label::robot|16_02_2018__11_18_08_0284_upper.png|640|480|258|130|293|180|275.5|155.0|35|50
label::robot|16_02_2018__11_18_08_0285_upper.png|640|480|257|86|349|227|303.0|156.5|92|141
label::robot|16_02_2018__11_18_08_0285_upper.png|640|480|573|78|626|149|599.5|113.5|53|71
label::robot|16_02_2018__11_18_08_0285_upper.png|640|480|482|74|552|198|517.0|136.0|70|124
label::robot|16_02_2018__11_18_08_0285_upper.png|640|480|451|90|503|156|477.0|123.0|52|66
label::robot|16_02_2018__11_18_08_0288_upper.png|640|480|294|4|380|160|337.0|82.0|86|156
label::robot|16_02_2018__11_18_08_0288_upper.png|640|480|223|12|364|171|293.5|91.5|141|159
label::robot|16_02_2018__11_18_08_0288_upper.png|640|480|222|5|307|101|264.5|53.0|85|96
label::robot|16_02_2018__11_18_08_0289_upper.png|640|480|298|16|415|201|356.5|108.5|117|185
label::robot|16_02_2018__11_18_08_0289_upper.png|640|480|14|30|81|106|47.5|68.0|67|76
label::robot|16_02_2018__11_18_08_0289_upper.png|640|480|382|16|491|187|436.5|101.5|109|171
label::robot|16_02_2018__11_18_08_0289_upper.png|640|480|363|20|429|123|396.0|71.5|66|103
label::robot|16_02_2018__11_18_08_0290_upper.png|640|480|324|0|435|170|379.5|85.0|111|170
label::robot|16_02_2018__11_18_08_0290_upper.png|640|480|197|0|336|191|266.5|95.5|139|191
label::robot|16_02_2018__11_18_08_0290_upper.png|640|480|288|0|374|96|331.0|48.0|86|96
label::robot|16_02_2018__11_18_08_0291_upper.png|640|480|287|0|408|131|347.5|65.5|121|131
label::robot|16_02_2018__11_18_08_0291_upper.png|640|480|417|1|578|174|497.5|87.5|161|173
label::robot|16_02_2018__11_18_08_0292_upper.png|640|480|386|0|552|207|469.0|103.5|166|207
label::robot|16_02_2018__11_18_08_0292_upper.png|640|480|509|0|640|294|574.5|147.0|131|294
label::robot|16_02_2018__11_18_08_0293_upper.png|640|480|324|2|543|315|433.5|158.5|219|313
label::robot|16_02_2018__11_18_08_0293_upper.png|640|480|451|0|640|405|545.5|202.5|189|405
label::robot|16_02_2018__11_18_08_0294_upper.png|640|480|288|18|640|480|464.0|249.0|352|462
label::robot|16_02_2018__11_18_08_0296_upper.png|640|480|327|2|640|480|483.5|241.0|313|478
label::robot|16_02_2018__11_18_08_0296_upper.png|640|480|158|2|640|480|399.0|241.0|482|478
label::robot|16_02_2018__11_18_08_0297_upper.png|640|480|423|90|640|480|531.5|285.0|217|390
label::robot|16_02_2018__11_18_08_0298_upper.png|640|480|454|5|640|480|547.0|242.5|186|475
label::robot|16_02_2018__11_18_08_0298_upper.png|640|480|227|0|273|36|250.0|18.0|46|36
label::robot|16_02_2018__11_18_08_0298_upper.png|640|480|276|0|306|23|291.0|11.5|30|23
label::robot|16_02_2018__11_18_08_0299_upper.png|640|480|287|4|640|480|463.5|242.0|353|476
label::robot|16_02_2018__11_18_08_0299_upper.png|640|480|101|1|162|63|131.5|32.0|61|62
label::robot|16_02_2018__11_18_08_0299_upper.png|640|480|246|0|285|29|265.5|14.5|39|29
label::robot|16_02_2018__11_18_08_0299_upper.png|640|480|158|0|204|56|181.0|28.0|46|56
label::robot|16_02_2018__11_18_08_0299_upper.png|640|480|318|0|378|33|348.0|16.5|60|33
label::robot|16_02_2018__11_18_08_0300_upper.png|640|480|183|4|640|480|411.5|242.0|457|476
label::robot|16_02_2018__11_18_08_0300_upper.png|640|480|349|1|401|79|375.0|40.0|52|78
label::robot|16_02_2018__11_18_08_0300_upper.png|640|480|279|12|324|72|301.5|42.0|45|60
label::robot|16_02_2018__11_18_08_0300_upper.png|640|480|189|17|239|94|214.0|55.5|50|77
label::robot|16_02_2018__11_18_08_0300_upper.png|640|480|141|13|196|104|168.5|58.5|55|91
label::robot|16_02_2018__11_18_08_0302_upper.png|640|480|418|111|484|187|451.0|149.0|66|76
label::robot|16_02_2018__11_18_08_0302_upper.png|640|480|351|72|419|141|385.0|106.5|68|69
label::robot|16_02_2018__11_18_08_0302_upper.png|640|480|273|44|337|117|305.0|80.5|64|73
label::robot|16_02_2018__11_18_08_0302_upper.png|640|480|240|25|300|103|270.0|64.0|60|78
robot|16_02_2018__11_18_08_0303_upper.png|not_in_image
robot|16_02_2018__11_18_08_0306_upper.png|not_in_image
robot|16_02_2018__11_18_08_0307_upper.png|not_in_image
robot|16_02_2018__11_18_08_0308_upper.png|not_in_image
label::robot|16_02_2018__11_18_08_0309_upper.png|640|480|609|14|640|180|624.5|97.0|31|166
label::robot|16_02_2018__11_18_08_0310_upper.png|640|480|55|85|215|312|135.0|198.5|160|227
label::robot|16_02_2018__11_18_08_0311_upper.png|640|480|492|44|640|299|566.0|171.5|148|255
label::robot|16_02_2018__11_18_08_0311_upper.png|640|480|198|23|252|105|225.0|64.0|54|82
label::robot|16_02_2018__11_18_08_0311_upper.png|640|480|122|18|173|88|147.5|53.0|51|70
label::robot|16_02_2018__11_18_08_0311_upper.png|640|480|27|12|100|93|63.5|52.5|73|81
label::robot|16_02_2018__11_18_08_0311_upper.png|640|480|0|13|33|98|16.5|55.5|33|85
robot|16_02_2018__11_18_08_0312_upper.png|not_in_image
label::robot|16_02_2018__11_18_08_0315_upper.png|640|480|518|143|638|304|578.0|223.5|120|161
label::robot|16_02_2018__11_18_08_0317_upper.png|640|480|197|0|319|160|258.0|80.0|122|160
robot|16_02_2018__11_18_08_0322_upper.png|not_in_image
robot|16_02_2018__11_18_08_0323_upper.png|not_in_image
label::robot|16_02_2018__11_18_08_0324_upper.png|640|480|511|21|602|179|556.5|100.0|91|158
label::robot|16_02_2018__11_18_08_0324_upper.png|640|480|583|35|627|117|605.0|76.0|44|82
label::robot|16_02_2018__11_18_08_0324_upper.png|640|480|609|41|640|97|624.5|69.0|31|56
label::robot|16_02_2018__11_18_08_0326_upper.png|640|480|266|4|350|139|308.0|71.5|84|135
label::robot|16_02_2018__11_18_08_0326_upper.png|640|480|152|92|309|150|230.5|121.0|157|58
robot|16_02_2018__11_18_08_0330_upper.png|not_in_image
label::robot|16_02_2018__11_18_08_0333_upper.png|640|480|319|82|402|272|360.5|177.0|83|190
label::robot|16_02_2018__11_18_08_0333_upper.png|640|480|64|64|166|227|115.0|145.5|102|163
label::robot|16_02_2018__11_18_08_0333_upper.png|640|480|144|74|215|210|179.5|142.0|71|136
label::robot|16_02_2018__11_18_08_0334_upper.png|640|480|199|60|239|136|219.0|98.0|40|76
label::robot|16_02_2018__11_18_08_0334_upper.png|640|480|318|62|359|127|338.5|94.5|41|65
label::robot|16_02_2018__11_18_08_0334_upper.png|640|480|242|76|301|193|271.5|134.5|59|117
label::robot|16_02_2018__11_18_08_0334_upper.png|640|480|228|63|269|130|248.5|96.5|41|67
robot|16_02_2018__11_18_08_0335_upper.png|not_in_image
label::robot|16_02_2018__11_18_08_0336_upper.png|640|480|587|4|640|213|613.5|108.5|53|209
label::robot|16_02_2018__11_18_08_0336_upper.png|640|480|253|1|339|158|296.0|79.5|86|157
label::robot|16_02_2018__11_18_08_0336_upper.png|640|480|202|80|347|164|274.5|122.0|145|84
robot|16_02_2018__11_18_08_0338_upper.png|not_in_image
label::robot|16_02_2018__11_18_08_0340_upper.png|640|480|0|0|57|158|28.5|79.0|57|158
label::robot|16_02_2018__11_18_08_0341_upper.png|640|480|0|0|48|183|24.0|91.5|48|183
robot|16_02_2018__11_18_08_0342_upper.png|not_in_image
robot|16_02_2018__11_18_08_0343_upper.png|not_in_image
robot|16_02_2018__11_18_08_0344_upper.png|not_in_image
robot|16_02_2018__11_18_08_0345_upper.png|not_in_image
robot|16_02_2018__11_18_08_0346_upper.png|not_in_image
label::robot|16_02_2018__11_18_08_0347_upper.png|640|480|238|53|430|464|334.0|258.5|192|411
label::robot|16_02_2018__11_18_08_0347_upper.png|640|480|49|75|251|449|150.0|262.0|202|374
label::robot|16_02_2018__11_18_08_0347_upper.png|640|480|0|87|96|334|48.0|210.5|96|247
robot|16_02_2018__11_18_08_0348_upper.png|not_in_image
label::robot|16_02_2018__11_18_08_0349_upper.png|640|480|48|6|640|480|344.0|243.0|592|474
robot|16_02_2018__11_18_08_0350_upper.png|not_in_image
label::robot|16_02_2018__11_18_08_0351_upper.png|640|480|0|272|361|468|180.5|370.0|361|196
label::robot|16_02_2018__11_18_08_0352_upper.png|640|480|0|0|640|478|320.0|239.0|640|478
label::robot|16_02_2018__11_18_08_0353_upper.png|640|480|533|400|640|480|586.5|440.0|107|80
label::robot|16_02_2018__11_18_08_0359_upper.png|640|480|364|0|486|229|425.0|114.5|122|229
label::robot|16_02_2018__11_18_08_0359_upper.png|640|480|96|0|261|283|178.5|141.5|165|283
label::robot|16_02_2018__11_18_08_0359_upper.png|640|480|10|0|135|228|72.5|114.0|125|228
label::robot|16_02_2018__11_18_08_0360_upper.png|640|480|322|0|451|233|386.5|116.5|129|233
label::robot|16_02_2018__11_18_08_0360_upper.png|640|480|67|0|235|260|151.0|130.0|168|260
label::robot|16_02_2018__11_18_08_0360_upper.png|640|480|4|0|128|235|66.0|117.5|124|235
label::robot|16_02_2018__11_18_08_0361_upper.png|640|480|315|0|438|229|376.5|114.5|123|229
label::robot|16_02_2018__11_18_08_0361_upper.png|640|480|0|0|174|278|87.0|139.0|174|278
label::robot|16_02_2018__11_18_08_0361_upper.png|640|480|0|0|101|230|50.5|115.0|101|230
label::robot|16_02_2018__11_18_08_0362_upper.png|640|480|344|0|450|221|397.0|110.5|106|221
label::robot|16_02_2018__11_18_08_0362_upper.png|640|480|0|0|134|205|67.0|102.5|134|205
label::robot|16_02_2018__11_18_08_0362_upper.png|640|480|0|0|93|275|46.5|137.5|93|275
label::robot|16_02_2018__11_18_08_0363_upper.png|640|480|326|0|419|224|372.5|112.0|93|224
label::robot|16_02_2018__11_18_08_0363_upper.png|640|480|0|0|167|252|83.5|126.0|167|252
label::robot|16_02_2018__11_18_08_0364_upper.png|640|480|37|0|240|248|138.5|124.0|203|248
label::robot|16_02_2018__11_18_08_0364_upper.png|640|480|62|0|203|210|132.5|105.0|141|210
label::robot|16_02_2018__11_18_08_0364_upper.png|640|480|371|2|475|220|423.0|111.0|104|218
robot|16_02_2018__11_18_08_0365_upper.png|not_in_image
label::robot|16_02_2018__11_18_08_0366_upper.png|640|480|364|0|455|224|409.5|112.0|91|224
label::robot|16_02_2018__11_18_08_0366_upper.png|640|480|92|0|291|279|191.5|139.5|199|279
label::robot|16_02_2018__11_18_08_0366_upper.png|640|480|160|0|294|232|227.0|116.0|134|232
label::robot|16_02_2018__11_18_08_0367_upper.png|640|480|302|0|398|210|350.0|105.0|96|210
label::robot|16_02_2018__11_18_08_0367_upper.png|640|480|208|0|306|210|257.0|105.0|98|210
label::robot|16_02_2018__11_18_08_0367_upper.png|640|480|93|1|273|261|183.0|131.0|180|260
label::robot|16_02_2018__11_18_08_0370_upper.png|640|480|380|0|476|193|428.0|96.5|96|193
label::robot|16_02_2018__11_18_08_0370_upper.png|640|480|167|0|330|213|248.5|106.5|163|213
label::robot|16_02_2018__11_18_08_0370_upper.png|640|480|275|5|375|179|325.0|92.0|100|174
label::robot|16_02_2018__11_18_08_0371_upper.png|640|480|386|0|490|189|438.0|94.5|104|189
label::robot|16_02_2018__11_18_08_0371_upper.png|640|480|154|4|333|190|243.5|97.0|179|186
label::robot|16_02_2018__11_18_08_0371_upper.png|640|480|287|2|379|154|333.0|78.0|92|152
label::robot|16_02_2018__11_18_08_0372_upper.png|640|480|272|0|390|139|331.0|69.5|118|139
label::robot|16_02_2018__11_18_08_0372_upper.png|640|480|162|0|353|180|257.5|90.0|191|180
label::robot|16_02_2018__11_18_08_0372_upper.png|640|480|387|0|512|164|449.5|82.0|125|164
label::robot|16_02_2018__11_18_08_0373_upper.png|640|480|209|4|319|142|264.0|73.0|110|138
label::robot|16_02_2018__11_18_08_0373_upper.png|640|480|141|0|332|205|236.5|102.5|191|205
label::robot|16_02_2018__11_18_08_0373_upper.png|640|480|327|0|436|167|381.5|83.5|109|167
label::robot|16_02_2018__11_18_08_0374_upper.png|640|480|357|0|475|190|416.0|95.0|118|190
label::robot|16_02_2018__11_18_08_0374_upper.png|640|480|197|0|330|170|263.5|85.0|133|170
label::robot|16_02_2018__11_18_08_0374_upper.png|640|480|210|8|405|236|307.5|122.0|195|228
label::robot|16_02_2018__11_18_08_0379_upper.png|640|480|195|19|316|312|255.5|165.5|121|293
label::robot|16_02_2018__11_18_08_0380_upper.png|640|480|67|1|365|473|216.0|237.0|298|472
label::robot|16_02_2018__11_18_08_0383_upper.png|640|480|361|59|640|480|500.5|269.5|279|421
label::robot|16_02_2018__11_18_08_0384_upper.png|640|480|480|266|640|480|560.0|373.0|160|214
label::robot|16_02_2018__11_18_08_0384_upper.png|640|480|463|0|640|379|551.5|189.5|177|379
label::robot|16_02_2018__11_18_08_0385_upper.png|640|480|0|106|245|480|122.5|293.0|245|374
label::robot|16_02_2018__11_18_08_0386_upper.png|640|480|494|2|640|463|567.0|232.5|146|461
label::robot|16_02_2018__11_18_08_0386_upper.png|640|480|0|208|147|401|73.5|304.5|147|193
label::robot|16_02_2018__11_18_08_0387_upper.png|640|480|199|271|473|448|336.0|359.5|274|177
label::robot|16_02_2018__11_18_08_0387_upper.png|640|480|73|127|112|209|92.5|168.0|39|82
label::robot|16_02_2018__11_18_08_0387_upper.png|640|480|0|139|45|195|22.5|167.0|45|56
label::robot|16_02_2018__11_18_08_0388_upper.png|640|480|107|272|389|473|248.0|372.5|282|201
label::robot|16_02_2018__11_18_08_0388_upper.png|640|480|1|150|47|228|24.0|189.0|46|78
label::robot|16_02_2018__11_18_08_0389_upper.png|640|480|0|170|266|404|133.0|287.0|266|234
label::robot|16_02_2018__11_18_08_0390_upper.png|640|480|0|187|283|411|141.5|299.0|283|224
label::robot|16_02_2018__11_18_08_0391_upper.png|640|480|252|0|309|100|280.5|50.0|57|100
label::robot|16_02_2018__11_18_08_0391_upper.png|640|480|306|1|349|24|327.5|12.5|43|23
label::robot|16_02_2018__11_18_08_0391_upper.png|640|480|451|0|500|20|475.5|10.0|49|20
label::robot|16_02_2018__11_18_08_0395_upper.png|640|480|0|0|37|55|18.5|27.5|37|55
label::robot|16_02_2018__11_18_08_0396_upper.png|640|480|424|21|504|168|464.0|94.5|80|147
label::robot|16_02_2018__11_18_08_0396_upper.png|640|480|257|30|302|101|279.5|65.5|45|71
label::robot|16_02_2018__11_18_08_0396_upper.png|640|480|144|29|193|107|168.5|68.0|49|78
label::robot|16_02_2018__11_18_08_0396_upper.png|640|480|228|27|266|92|247.0|59.5|38|65
label::robot|16_02_2018__11_18_08_0396_upper.png|640|480|168|78|233|115|200.5|96.5|65|37
label::robot|16_02_2018__11_18_08_0397_upper.png|640|480|264|59|326|174|295.0|116.5|62|115
label::robot|16_02_2018__11_18_08_0397_upper.png|640|480|30|69|84|125|57.0|97.0|54|56
label::robot|16_02_2018__11_18_08_0397_upper.png|640|480|0|59|26|141|13.0|100.0|26|82
label::robot|16_02_2018__11_18_08_0398_upper.png|640|480|319|0|518|364|418.5|182.0|199|364
label::robot|16_02_2018__11_18_08_0399_upper.png|640|480|530|27|640|404|585.0|215.5|110|377
label::robot|16_02_2018__11_18_08_0400_upper.png|640|480|291|56|355|160|323.0|108.0|64|104
label::robot|16_02_2018__11_18_08_0400_upper.png|640|480|26|49|69|117|47.5|83.0|43|68
label::robot|16_02_2018__11_18_08_0401_upper.png|640|480|387|81|444|180|415.5|130.5|57|99
label::robot|16_02_2018__11_18_08_0401_upper.png|640|480|142|75|196|136|169.0|105.5|54|61
label::robot|16_02_2018__11_18_08_0401_upper.png|640|480|63|75|125|152|94.0|113.5|62|77
label::robot|16_02_2018__11_18_08_0401_upper.png|640|480|57|73|101|140|79.0|106.5|44|67
label::robot|16_02_2018__11_18_08_0401_upper.png|640|480|90|76|127|130|108.5|103.0|37|54
label::robot|16_02_2018__11_18_08_0408_upper.png|640|480|274|170|304|228|289.0|199.0|30|58
label::robot|16_02_2018__11_18_08_0408_upper.png|640|480|334|173|375|248|354.5|210.5|41|75
robot|16_02_2018__11_18_08_0409_upper.png|not_in_image
label::robot|16_02_2018__11_18_08_0410_upper.png|640|480|459|128|494|217|476.5|172.5|35|89
label::robot|16_02_2018__11_18_08_0410_upper.png|640|480|418|137|460|214|439.0|175.5|42|77
label::robot|16_02_2018__11_18_08_0410_upper.png|640|480|370|139|407|190|388.5|164.5|37|51
label::robot|16_02_2018__11_18_08_0410_upper.png|640|480|337|136|375|186|356.0|161.0|38|50
label::robot|16_02_2018__11_18_08_0411_upper.png|640|480|603|139|640|236|621.5|187.5|37|97
label::robot|16_02_2018__11_18_08_0411_upper.png|640|480|437|141|484|215|460.5|178.0|47|74
label::robot|16_02_2018__11_18_08_0411_upper.png|640|480|404|135|443|207|423.5|171.0|39|72
label::robot|16_02_2018__11_18_08_0411_upper.png|640|480|355|136|383|181|369.0|158.5|28|45
label::robot|16_02_2018__11_18_08_0411_upper.png|640|480|318|134|353|183|335.5|158.5|35|49
label::robot|16_02_2018__11_18_08_0412_upper.png|640|480|610|128|640|245|625.0|186.5|30|117
label::robot|16_02_2018__11_18_08_0412_upper.png|640|480|451|137|497|217|474.0|177.0|46|80
label::robot|16_02_2018__11_18_08_0412_upper.png|640|480|405|134|464|213|434.5|173.5|59|79
label::robot|16_02_2018__11_18_08_0412_upper.png|640|480|349|134|387|191|368.0|162.5|38|57
label::robot|16_02_2018__11_18_08_0412_upper.png|640|480|318|130|351|184|334.5|157.0|33|54
robot|16_02_2018__11_18_08_0413_upper.png|not_in_image
label::robot|16_02_2018__11_18_08_0418_upper.png|640|480|501|70|546|149|523.5|109.5|45|79
label::robot|16_02_2018__11_18_08_0418_upper.png|640|480|535|72|580|148|557.5|110.0|45|76
label::robot|16_02_2018__11_18_08_0419_upper.png|640|480|282|0|410|176|346.0|88.0|128|176
label::robot|16_02_2018__11_18_08_0419_upper.png|640|480|201|0|269|75|235.0|37.5|68|75
label::robot|16_02_2018__11_18_08_0419_upper.png|640|480|66|4|116|48|91.0|26.0|50|44
robot|16_02_2018__11_18_08_0420_upper.png|not_in_image
label::robot|16_02_2018__11_18_08_0421_upper.png|640|480|473|16|597|228|535.0|122.0|124|212
label::robot|16_02_2018__11_18_08_0421_upper.png|640|480|383|33|424|152|403.5|92.5|41|119
label::robot|16_02_2018__11_18_08_0421_upper.png|640|480|308|50|350|123|329.0|86.5|42|73
label::robot|16_02_2018__11_18_08_0421_upper.png|640|480|338|56|371|106|354.5|81.0|33|50
label::robot|16_02_2018__11_18_08_0421_upper.png|640|480|74|59|116|126|95.0|92.5|42|67
label::robot|16_02_2018__11_18_08_0421_upper.png|640|480|142|59|192|136|167.0|97.5|50|77
label::robot|16_02_2018__11_18_08_0421_upper.png|640|480|167|57|216|130|191.5|93.5|49|73
label::robot|16_02_2018__11_18_08_0425_upper.png|640|480|444|68|519|195|481.5|131.5|75|127
label::robot|16_02_2018__11_18_08_0425_upper.png|640|480|420|59|473|171|446.5|115.0|53|112
label::robot|16_02_2018__11_18_08_0425_upper.png|640|480|361|70|410|143|385.5|106.5|49|73
label::robot|16_02_2018__11_18_08_0425_upper.png|640|480|55|61|92|119|73.5|90.0|37|58
label::robot|16_02_2018__11_18_08_0425_upper.png|640|480|110|57|152|142|131.0|99.5|42|85
label::robot|16_02_2018__11_18_08_0425_upper.png|640|480|142|66|175|138|158.5|102.0|33|72
label::robot|16_02_2018__11_18_08_0425_upper.png|640|480|161|66|194|123|177.5|94.5|33|57
robot|16_02_2018__11_18_08_0426_upper.png|not_in_image
robot|16_02_2018__11_18_08_0427_upper.png|not_in_image
label::robot|16_02_2018__11_18_08_0428_upper.png|640|480|552|30|626|160|589.0|95.0|74|130
label::robot|16_02_2018__11_18_08_0428_upper.png|640|480|228|38|264|101|246.0|69.5|36|63
label::robot|16_02_2018__11_18_08_0428_upper.png|640|480|395|39|439|115|417.0|77.0|44|76
label::robot|16_02_2018__11_18_08_0428_upper.png|640|480|137|42|176|122|156.5|82.0|39|80
label::robot|16_02_2018__11_18_08_0428_upper.png|640|480|150|43|186|94|168.0|68.5|36|51
label::robot|16_02_2018__11_18_08_0429_upper.png|640|480|560|96|601|150|580.5|123.0|41|54
label::robot|16_02_2018__11_18_08_0429_upper.png|640|480|531|92|567|174|549.0|133.0|36|82
label::robot|16_02_2018__11_18_08_0430_upper.png|640|480|393|45|441|149|417.0|97.0|48|104
label::robot|16_02_2018__11_18_08_0430_upper.png|640|480|30|37|78|99|54.0|68.0|48|62
label::robot|16_02_2018__11_18_08_0430_upper.png|640|480|213|43|264|106|238.5|74.5|51|63
label::robot|16_02_2018__11_18_08_0430_upper.png|640|480|279|93|346|139|312.5|116.0|67|46
label::robot|16_02_2018__11_18_08_0430_upper.png|640|480|316|56|356|121|336.0|88.5|40|65
label::robot|16_02_2018__11_18_08_0431_upper.png|640|480|527|62|580|134|553.5|98.0|53|72
label::robot|16_02_2018__11_18_08_0431_upper.png|640|480|359|57|407|118|383.0|87.5|48|61
label::robot|16_02_2018__11_18_08_0431_upper.png|640|480|278|59|316|112|297.0|85.5|38|53
label::robot|16_02_2018__11_18_08_0431_upper.png|640|480|250|54|287|129|268.5|91.5|37|75
label::robot|16_02_2018__11_18_08_0431_upper.png|640|480|250|53|272|119|261.0|86.0|22|66
label::robot|16_02_2018__11_18_08_0432_upper.png|640|480|546|51|593|129|569.5|90.0|47|78
label::robot|16_02_2018__11_18_08_0432_upper.png|640|480|375|48|424|103|399.5|75.5|49|55
robot|16_02_2018__11_18_08_0437_upper.png|not_in_image
robot|16_02_2018__11_18_08_0438_upper.png|not_in_image
robot|16_02_2018__11_18_08_0440_upper.png|not_in_image
label::robot|16_02_2018__11_18_08_0441_upper.png|640|480|448|0|527|35|487.5|17.5|79|35
label::robot|16_02_2018__11_18_08_0442_upper.png|640|480|158|0|232|86|195.0|43.0|74|86
label::robot|16_02_2018__11_18_08_0442_upper.png|640|480|324|0|365|73|344.5|36.5|41|73
label::robot|16_02_2018__11_18_08_0442_upper.png|640|480|487|2|537|81|512.0|41.5|50|79
label::robot|16_02_2018__11_18_08_0443_upper.png|640|480|499|17|585|171|542.0|94.0|86|154
label::robot|16_02_2018__11_18_08_0443_upper.png|640|480|376|23|421|94|398.5|58.5|45|71
label::robot|16_02_2018__11_18_08_0443_upper.png|640|480|26|0|119|93|72.5|46.5|93|93
label::robot|16_02_2018__11_18_08_0443_upper.png|640|480|181|4|226|90|203.5|47.0|45|86
label::robot|16_02_2018__11_18_08_0443_upper.png|640|480|210|1|257|71|233.5|36.0|47|70
label::robot|16_02_2018__11_18_08_0444_upper.png|640|480|399|0|482|73|440.5|36.5|83|73
label::robot|16_02_2018__11_18_08_0444_upper.png|640|480|509|0|564|69|536.5|34.5|55|69
label::robot|16_02_2018__11_18_08_0444_upper.png|640|480|580|0|639|37|609.5|18.5|59|37
label::robot|16_02_2018__11_18_08_0447_upper.png|640|480|517|64|632|253|574.5|158.5|115|189
label::robot|16_02_2018__11_18_08_0447_upper.png|640|480|611|109|640|413|625.5|261.0|29|304
label::robot|16_02_2018__11_18_08_0447_upper.png|640|480|455|81|518|162|486.5|121.5|63|81
label::robot|16_02_2018__11_18_08_0447_upper.png|640|480|291|103|338|168|314.5|135.5|47|65
label::robot|16_02_2018__11_18_08_0447_upper.png|640|480|199|106|260|198|229.5|152.0|61|92
label::robot|16_02_2018__11_18_08_0447_upper.png|640|480|185|106|232|197|208.5|151.5|47|91
label::robot|16_02_2018__11_18_08_0449_upper.png|640|480|469|0|640|459|554.5|229.5|171|459
label::robot|16_02_2018__11_18_08_0449_upper.png|640|480|215|0|313|152|264.0|76.0|98|152
label::robot|16_02_2018__11_18_08_0449_upper.png|640|480|21|0|85|43|53.0|21.5|64|43
label::robot|16_02_2018__11_18_08_0449_upper.png|640|480|0|0|45|27|22.5|13.5|45|27
label::robot|16_02_2018__11_18_08_0449_upper.png|640|480|312|0|350|39|331.0|19.5|38|39
label::robot|16_02_2018__11_18_08_0450_upper.png|640|480|302|1|554|480|428.0|240.5|252|479
label::robot|16_02_2018__11_18_08_0450_upper.png|640|480|191|29|245|104|218.0|66.5|54|75
label::robot|16_02_2018__11_18_08_0451_upper.png|640|480|579|0|640|393|609.5|196.5|61|393
label::robot|16_02_2018__11_18_08_0451_upper.png|640|480|170|0|220|55|195.0|27.5|50|55
label::robot|16_02_2018__11_18_08_0453_upper.png|640|480|81|0|191|165|136.0|82.5|110|165
robot|16_02_2018__11_18_08_0454_upper.png|not_in_image
robot|16_02_2018__11_18_08_0455_upper.png|not_in_image
label::robot|16_02_2018__11_18_08_0456_upper.png|640|480|199|33|309|217|254.0|125.0|110|184
label::robot|16_02_2018__11_18_08_0458_upper.png|640|480|437|21|579|239|508.0|130.0|142|218
label::robot|16_02_2018__11_18_08_0458_upper.png|640|480|0|0|201|478|100.5|239.0|201|478
label::robot|16_02_2018__11_18_08_0459_upper.png|640|480|295|0|454|220|374.5|110.0|159|220
label::robot|16_02_2018__11_18_08_0461_upper.png|640|480|0|0|282|341|141.0|170.5|282|341
robot|16_02_2018__11_18_08_0462_upper.png|not_in_image
robot|16_02_2018__11_18_08_0463_upper.png|not_in_image
robot|16_02_2018__11_18_08_0464_upper.png|not_in_image
robot|16_02_2018__11_18_08_0465_upper.png|not_in_image
robot|16_02_2018__11_18_08_0466_upper.png|not_in_image
label::robot|16_02_2018__11_18_08_0467_upper.png|640|480|139|0|196|33|167.5|16.5|57|33
label::robot|16_02_2018__11_18_08_0467_upper.png|640|480|223|4|254|29|238.5|16.5|31|25
label::robot|16_02_2018__11_18_08_0467_upper.png|640|480|297|0|340|60|318.5|30.0|43|60
label::robot|16_02_2018__11_18_08_0467_upper.png|640|480|383|0|445|125|414.0|62.5|62|125
label::robot|16_02_2018__11_18_08_0467_upper.png|640|480|355|0|429|106|392.0|53.0|74|106
label::robot|16_02_2018__11_18_08_0469_upper.png|640|480|419|55|521|300|470.0|177.5|102|245
label::robot|16_02_2018__11_18_08_0469_upper.png|640|480|160|69|201|121|180.5|95.0|41|52
label::robot|16_02_2018__11_18_08_0469_upper.png|640|480|0|37|39|227|19.5|132.0|39|190
label::robot|16_02_2018__11_18_08_0471_upper.png|640|480|321|73|390|208|355.5|140.5|69|135
label::robot|16_02_2018__11_18_08_0471_upper.png|640|480|512|92|553|159|532.5|125.5|41|67
label::robot|16_02_2018__11_18_08_0471_upper.png|640|480|296|78|330|135|313.0|106.5|34|57
label::robot|16_02_2018__11_18_08_0471_upper.png|640|480|244|68|308|219|276.0|143.5|64|151
label::robot|16_02_2018__11_18_08_0471_upper.png|640|480|93|63|146|135|119.5|99.0|53|72
label::robot|16_02_2018__11_18_08_0471_upper.png|640|480|173|68|203|121|188.0|94.5|30|53
label::robot|16_02_2018__11_18_08_0471_upper.png|640|480|190|70|243|155|216.5|112.5|53|85
label::robot|16_02_2018__11_18_08_0472_upper.png|640|480|199|0|303|259|251.0|129.5|104|259
label::robot|16_02_2018__11_18_08_0474_upper.png|640|480|350|13|426|167|388.0|90.0|76|154
label::robot|16_02_2018__11_18_08_0474_upper.png|640|480|328|19|362|76|345.0|47.5|34|57
label::robot|16_02_2018__11_18_08_0474_upper.png|640|480|204|4|277|139|240.5|71.5|73|135
label::robot|16_02_2018__11_18_08_0474_upper.png|640|480|146|6|196|116|171.0|61.0|50|110
label::robot|16_02_2018__11_18_08_0474_upper.png|640|480|111|2|156|80|133.5|41.0|45|78
label::robot|16_02_2018__11_18_08_0474_upper.png|640|480|196|12|231|65|213.5|38.5|35|53
label::robot|16_02_2018__11_18_08_0475_upper.png|640|480|24|4|159|316|91.5|160.0|135|312
label::robot|16_02_2018__11_18_08_0476_upper.png|640|480|579|59|640|343|609.5|201.0|61|284
label::robot|16_02_2018__11_18_08_0477_upper.png|640|480|530|14|640|313|585.0|163.5|110|299
label::robot|16_02_2018__11_18_08_0477_upper.png|640|480|431|49|462|106|446.5|77.5|31|57
label::robot|16_02_2018__11_18_08_0477_upper.png|640|480|217|6|296|150|256.5|78.0|79|144
label::robot|16_02_2018__11_18_08_0477_upper.png|640|480|45|4|111|123|78.0|63.5|66|119
label::robot|16_02_2018__11_18_08_0477_upper.png|640|480|202|20|245|81|223.5|50.5|43|61
label::robot|16_02_2018__11_18_08_0479_upper.png|640|480|192|91|320|334|256.0|212.5|128|243
label::robot|16_02_2018__11_18_08_0479_upper.png|640|480|37|96|79|152|58.0|124.0|42|56
label::robot|16_02_2018__11_18_08_0482_upper.png|640|480|227|136|359|386|293.0|261.0|132|250
label::robot|16_02_2018__11_18_08_0482_upper.png|640|480|87|128|124|190|105.5|159.0|37|62
label::robot|16_02_2018__11_18_08_0483_upper.png|640|480|552|86|640|370|596.0|228.0|88|284
label::robot|16_02_2018__11_18_08_0483_upper.png|640|480|468|107|501|158|484.5|132.5|33|51
label::robot|16_02_2018__11_18_08_0483_upper.png|640|480|297|70|375|202|336.0|136.0|78|132
label::robot|16_02_2018__11_18_08_0483_upper.png|640|480|183|56|221|134|202.0|95.0|38|78
label::robot|16_02_2018__11_18_08_0483_upper.png|640|480|131|51|176|107|153.5|79.0|45|56
label::robot|16_02_2018__11_18_08_0483_upper.png|640|480|34|36|104|147|69.0|91.5|70|111
label::robot|16_02_2018__11_18_08_0483_upper.png|640|480|0|33|40|153|20.0|93.0|40|120
label::robot|16_02_2018__11_18_08_0484_upper.png|640|480|248|0|365|217|306.5|108.5|117|217
label::robot|16_02_2018__11_18_08_0484_upper.png|640|480|215|8|258|63|236.5|35.5|43|55
label::robot|16_02_2018__11_18_08_0484_upper.png|640|480|0|0|82|113|41.0|56.5|82|113
label::robot|16_02_2018__11_18_08_0486_upper.png|640|480|608|27|640|276|624.0|151.5|32|249
label::robot|16_02_2018__11_18_08_0486_upper.png|640|480|394|35|470|161|432.0|98.0|76|126
label::robot|16_02_2018__11_18_08_0486_upper.png|640|480|279|30|310|85|294.5|57.5|31|55
label::robot|16_02_2018__11_18_08_0486_upper.png|640|480|248|25|281|94|264.5|59.5|33|69
label::robot|16_02_2018__11_18_08_0486_upper.png|640|480|142|11|199|117|170.5|64.0|57|106
label::robot|16_02_2018__11_18_08_0486_upper.png|640|480|174|16|221|109|197.5|62.5|47|93
label::robot|16_02_2018__11_18_08_0488_upper.png|640|480|165|4|242|189|203.5|96.5|77|185
label::robot|16_02_2018__11_18_08_0488_upper.png|640|480|244|36|277|87|260.5|61.5|33|51
label::robot|16_02_2018__11_18_08_0488_upper.png|640|480|0|0|66|121|33.0|60.5|66|121
label::robot|16_02_2018__11_18_08_0491_upper.png|640|480|275|16|351|198|313.0|107.0|76|182
label::robot|16_02_2018__11_18_08_0491_upper.png|640|480|69|5|134|99|101.5|52.0|65|94
label::robot|16_02_2018__11_18_08_0491_upper.png|640|480|0|0|31|80|15.5|40.0|31|80
label::robot|16_02_2018__11_18_08_0496_upper.png|640|480|219|97|270|185|244.5|141.0|51|88
label::robot|16_02_2018__11_18_08_0496_upper.png|640|480|288|105|327|159|307.5|132.0|39|54
label::robot|16_02_2018__11_18_08_0496_upper.png|640|480|324|104|370|185|347.0|144.5|46|81
label::robot|16_02_2018__11_18_08_0496_upper.png|640|480|359|101|384|176|371.5|138.5|25|75
label::robot|16_02_2018__11_18_08_0496_upper.png|640|480|406|107|444|174|425.0|140.5|38|67
label::robot|16_02_2018__11_18_08_0496_upper.png|640|480|402|109|430|162|416.0|135.5|28|53
label::robot|16_02_2018__11_18_08_0497_upper.png|640|480|401|118|442|183|421.5|150.5|41|65
label::robot|16_02_2018__11_18_08_0497_upper.png|640|480|340|117|390|203|365.0|160.0|50|86
label::robot|16_02_2018__11_18_08_0497_upper.png|640|480|364|123|400|190|382.0|156.5|36|67
label::robot|16_02_2018__11_18_08_0497_upper.png|640|480|295|121|333|176|314.0|148.5|38|55
label::robot|16_02_2018__11_18_08_0497_upper.png|640|480|235|115|281|197|258.0|156.0|46|82
robot|16_02_2018__11_18_08_0498_upper.png|not_in_image
label::robot|16_02_2018__11_18_08_0499_upper.png|640|480|275|99|316|180|295.5|139.5|41|81
label::robot|16_02_2018__11_18_08_0499_upper.png|640|480|312|104|351|161|331.5|132.5|39|57
label::robot|16_02_2018__11_18_08_0499_upper.png|640|480|357|110|412|195|384.5|152.5|55|85
label::robot|16_02_2018__11_18_08_0499_upper.png|640|480|390|112|420|181|405.0|146.5|30|69
label::robot|16_02_2018__11_18_08_0499_upper.png|640|480|411|115|432|168|421.5|141.5|21|53
label::robot|16_02_2018__11_18_08_0499_upper.png|640|480|419|110|452|167|435.5|138.5|33|57
label::robot|16_02_2018__11_18_08_0500_upper.png|640|480|253|148|302|230|277.5|189.0|49|82
label::robot|16_02_2018__11_18_08_0500_upper.png|640|480|294|159|337|209|315.5|184.0|43|50
label::robot|16_02_2018__11_18_08_0500_upper.png|640|480|413|162|444|209|428.5|185.5|31|47
label::robot|16_02_2018__11_18_08_0500_upper.png|640|480|388|162|423|215|405.5|188.5|35|53
label::robot|16_02_2018__11_18_08_0500_upper.png|640|480|351|153|404|238|377.5|195.5|53|85
label::robot|16_02_2018__11_18_08_0502_upper.png|640|480|27|76|66|144|46.5|110.0|39|68
robot|16_02_2018__11_18_08_0504_upper.png|not_in_image
label::robot|16_02_2018__11_18_08_0505_upper.png|640|480|457|99|505|177|481.0|138.0|48|78
label::robot|16_02_2018__11_18_08_0505_upper.png|640|480|497|94|546|162|521.5|128.0|49|68
label::robot|16_02_2018__11_18_08_0505_upper.png|640|480|567|98|635|197|601.0|147.5|68|99
label::robot|16_02_2018__11_18_08_0505_upper.png|640|480|605|91|640|187|622.5|139.0|35|96
label::robot|16_02_2018__11_18_08_0506_upper.png|640|480|383|49|480|239|431.5|144.0|97|190
label::robot|16_02_2018__11_18_08_0506_upper.png|640|480|448|81|480|133|464.0|107.0|32|52
label::robot|16_02_2018__11_18_08_0506_upper.png|640|480|59|23|133|131|96.0|77.0|74|108
label::robot|16_02_2018__11_18_08_0506_upper.png|640|480|0|25|25|109|12.5|67.0|25|84
label::robot|16_02_2018__11_18_08_0506_upper.png|640|480|112|32|147|97|129.5|64.5|35|65
label::robot|16_02_2018__11_18_08_0506_upper.png|640|480|81|28|129|109|105.0|68.5|48|81
label::robot|16_02_2018__11_18_08_0507_upper.png|640|480|478|13|525|91|501.5|52.0|47|78
label::robot|16_02_2018__11_18_08_0507_upper.png|640|480|506|11|547|84|526.5|47.5|41|73
label::robot|16_02_2018__11_18_08_0507_upper.png|640|480|576|4|635|115|605.5|59.5|59|111
label::robot|16_02_2018__11_18_08_0507_upper.png|640|480|613|6|640|94|626.5|50.0|27|88
label::robot|16_02_2018__11_18_08_0508_upper.png|640|480|414|60|509|256|461.5|158.0|95|196
label::robot|16_02_2018__11_18_08_0508_upper.png|640|480|0|30|50|116|25.0|73.0|50|86
label::robot|16_02_2018__11_18_08_0508_upper.png|640|480|87|35|158|143|122.5|89.0|71|108
label::robot|16_02_2018__11_18_08_0508_upper.png|640|480|123|44|161|116|142.0|80.0|38|72
label::robot|16_02_2018__11_18_08_0508_upper.png|640|480|146|48|178|110|162.0|79.0|32|62
label::robot|16_02_2018__11_18_08_0511_upper.png|640|480|438|123|500|235|469.0|179.0|62|112
label::robot|16_02_2018__11_18_08_0511_upper.png|640|480|328|123|365|178|346.5|150.5|37|55
label::robot|16_02_2018__11_18_08_0511_upper.png|640|480|324|165|384|202|354.0|183.5|60|37
label::robot|16_02_2018__11_18_08_0511_upper.png|640|480|390|118|423|195|406.5|156.5|33|77
label::robot|16_02_2018__11_18_08_0511_upper.png|640|480|429|117|461|176|445.0|146.5|32|59
label::robot|16_02_2018__11_18_08_0513_upper.png|640|480|233|44|334|233|283.5|138.5|101|189
label::robot|16_02_2018__11_18_08_0513_upper.png|640|480|316|82|345|135|330.5|108.5|29|53
label::robot|16_02_2018__11_18_08_0513_upper.png|640|480|25|38|100|168|62.5|103.0|75|130
label::robot|16_02_2018__11_18_08_0515_upper.png|640|480|584|0|622|42|603.0|21.0|38|42
label::robot|16_02_2018__11_18_08_0515_upper.png|640|480|485|0|530|64|507.5|32.0|45|64
label::robot|16_02_2018__11_18_08_0515_upper.png|640|480|522|4|561|61|541.5|32.5|39|57
label::robot|16_02_2018__11_18_08_0518_upper.png|640|480|473|66|565|227|519.0|146.5|92|161
label::robot|16_02_2018__11_18_08_0518_upper.png|640|480|355|61|401|131|378.0|96.0|46|70
label::robot|16_02_2018__11_18_08_0518_upper.png|640|480|241|43|282|127|261.5|85.0|41|84
label::robot|16_02_2018__11_18_08_0518_upper.png|640|480|288|48|333|121|310.5|84.5|45|73
label::robot|16_02_2018__11_18_08_0518_upper.png|640|480|306|48|332|104|319.0|76.0|26|56
label::robot|16_02_2018__11_18_08_0518_upper.png|640|480|327|59|356|112|341.5|85.5|29|53
label::robot|16_02_2018__11_18_08_0519_upper.png|640|480|476|0|501|25|488.5|12.5|25|25
label::robot|16_02_2018__11_18_08_0519_upper.png|640|480|367|2|400|24|383.5|13.0|33|22
label::robot|16_02_2018__11_18_08_0519_upper.png|640|480|407|0|438|27|422.5|13.5|31|27
label::robot|16_02_2018__11_18_08_0520_upper.png|640|480|215|0|284|144|249.5|72.0|69|144
label::robot|16_02_2018__11_18_08_0520_upper.png|640|480|25|0|110|131|67.5|65.5|85|131
label::robot|16_02_2018__11_18_08_0520_upper.png|640|480|160|0|191|47|175.5|23.5|31|47
label::robot|16_02_2018__11_18_08_0521_upper.png|640|480|565|250|640|444|602.5|347.0|75|194
label::robot|16_02_2018__11_18_08_0521_upper.png|640|480|269|247|316|321|292.5|284.0|47|74
label::robot|16_02_2018__11_18_08_0521_upper.png|640|480|315|245|350|315|332.5|280.0|35|70
label::robot|16_02_2018__11_18_08_0521_upper.png|640|480|346|247|387|316|366.5|281.5|41|69
label::robot|16_02_2018__11_18_08_0522_upper.png|640|480|406|63|475|213|440.5|138.0|69|150
label::robot|16_02_2018__11_18_08_0522_upper.png|640|480|299|48|387|196|343.0|122.0|88|148
label::robot|16_02_2018__11_18_08_0522_upper.png|640|480|43|23|93|91|68.0|57.0|50|68
label::robot|16_02_2018__11_18_08_0522_upper.png|640|480|11|14|63|93|37.0|53.5|52|79
robot|16_02_2018__11_18_08_0524_upper.png|not_in_image
label::robot|16_02_2018__11_18_08_0531_upper.png|640|480|345|84|402|227|373.5|155.5|57|143
label::robot|16_02_2018__11_18_08_0531_upper.png|640|480|174|123|307|232|240.5|177.5|133|109
label::robot|16_02_2018__11_18_08_0531_upper.png|640|480|229|75|256|139|242.5|107.0|27|64
label::robot|16_02_2018__11_18_08_0531_upper.png|640|480|13|55|72|137|42.5|96.0|59|82
label::robot|16_02_2018__11_18_08_0533_upper.png|640|480|255|105|280|173|267.5|139.0|25|68
label::robot|16_02_2018__11_18_08_0533_upper.png|640|480|501|193|640|295|570.5|244.0|139|102
label::robot|16_02_2018__11_18_08_0533_upper.png|640|480|511|124|561|190|536.0|157.0|50|66
label::robot|16_02_2018__11_18_08_0533_upper.png|640|480|333|118|382|180|357.5|149.0|49|62
label::robot|16_02_2018__11_18_08_0533_upper.png|640|480|271|105|303|178|287.0|141.5|32|73
label::robot|16_02_2018__11_18_08_0533_upper.png|640|480|241|105|276|185|258.5|145.0|35|80
label::robot|16_02_2018__11_18_08_0534_upper.png|640|480|534|177|640|272|587.0|224.5|106|95
label::robot|16_02_2018__11_18_08_0534_upper.png|640|480|510|97|561|177|535.5|137.0|51|80
label::robot|16_02_2018__11_18_08_0534_upper.png|640|480|330|94|380|165|355.0|129.5|50|71
label::robot|16_02_2018__11_18_08_0534_upper.png|640|480|246|92|287|167|266.5|129.5|41|75
label::robot|16_02_2018__11_18_08_0534_upper.png|640|480|239|90|269|142|254.0|116.0|30|52
label::robot|16_02_2018__11_18_08_0534_upper.png|640|480|267|93|302|141|284.5|117.0|35|48
label::robot|16_02_2018__11_18_08_0535_upper.png|640|480|522|79|616|252|569.0|165.5|94|173
label::robot|16_02_2018__11_18_08_0535_upper.png|640|480|402|125|537|244|469.5|184.5|135|119
label::robot|16_02_2018__11_18_08_0535_upper.png|640|480|375|87|419|158|397.0|122.5|44|71
label::robot|16_02_2018__11_18_08_0535_upper.png|640|480|205|69|263|155|234.0|112.0|58|86
label::robot|16_02_2018__11_18_08_0535_upper.png|640|480|136|72|186|148|161.0|110.0|50|76
label::robot|16_02_2018__11_18_08_0535_upper.png|640|480|105|68|146|138|125.5|103.0|41|70
label::robot|16_02_2018__11_18_08_0536_upper.png|640|480|546|121|640|242|593.0|181.5|94|121
robot|16_02_2018__11_18_08_0537_upper.png|not_in_image
label::robot|16_02_2018__11_18_08_0540_upper.png|640|480|431|63|504|258|467.5|160.5|73|195
label::robot|16_02_2018__11_18_08_0540_upper.png|640|480|315|60|373|196|344.0|128.0|58|136
label::robot|16_02_2018__11_18_08_0540_upper.png|640|480|240|60|285|142|262.5|101.0|45|82
label::robot|16_02_2018__11_18_08_0540_upper.png|640|480|43|35|121|146|82.0|90.5|78|111
label::robot|16_02_2018__11_18_08_0540_upper.png|640|480|0|27|37|150|18.5|88.5|37|123
label::robot|16_02_2018__11_18_08_0541_upper.png|640|480|469|20|507|84|488.0|52.0|38|64
label::robot|16_02_2018__11_18_08_0541_upper.png|640|480|518|17|601|124|559.5|70.5|83|107
label::robot|16_02_2018__11_18_08_0541_upper.png|640|480|534|56|619|88|576.5|72.0|85|32
label::robot|16_02_2018__11_18_08_0541_upper.png|640|480|593|14|640|133|616.5|73.5|47|119
label::robot|16_02_2018__11_18_08_0542_upper.png|640|480|586|91|640|242|613.0|166.5|54|151
label::robot|16_02_2018__11_18_08_0542_upper.png|640|480|467|88|517|176|492.0|132.0|50|88
label::robot|16_02_2018__11_18_08_0542_upper.png|640|480|178|72|214|140|196.0|106.0|36|68
label::robot|16_02_2018__11_18_08_0542_upper.png|640|480|239|66|287|180|263.0|123.0|48|114
label::robot|16_02_2018__11_18_08_0542_upper.png|640|480|283|75|344|185|313.5|130.0|61|110
label::robot|16_02_2018__11_18_08_0543_upper.png|640|480|304|32|379|217|341.5|124.5|75|185
label::robot|16_02_2018__11_18_08_0543_upper.png|640|480|228|29|291|171|259.5|100.0|63|142
label::robot|16_02_2018__11_18_08_0543_upper.png|640|480|93|20|142|107|117.5|63.5|49|87
label::robot|16_02_2018__11_18_08_0545_upper.png|640|480|454|72|505|164|479.5|118.0|51|92
label::robot|16_02_2018__11_18_08_0545_upper.png|640|480|266|75|336|193|301.0|134.0|70|118
label::robot|16_02_2018__11_18_08_0545_upper.png|640|480|109|131|241|213|175.0|172.0|132|82
label::robot|16_02_2018__11_18_08_0545_upper.png|640|480|143|79|189|144|166.0|111.5|46|65
label::robot|16_02_2018__11_18_08_0545_upper.png|640|480|230|80|260|130|245.0|105.0|30|50
label::robot|16_02_2018__11_18_08_0545_upper.png|640|480|260|87|286|141|273.0|114.0|26|54
label::robot|16_02_2018__11_18_08_0546_upper.png|640|480|433|86|494|219|463.5|152.5|61|133
label::robot|16_02_2018__11_18_08_0546_upper.png|640|480|322|125|395|222|358.5|173.5|73|97
label::robot|16_02_2018__11_18_08_0546_upper.png|640|480|309|91|341|156|325.0|123.5|32|65
label::robot|16_02_2018__11_18_08_0546_upper.png|640|480|411|96|443|154|427.0|125.0|32|58
label::robot|16_02_2018__11_18_08_0546_upper.png|640|480|389|96|413|147|401.0|121.5|24|51
label::robot|16_02_2018__11_18_08_0547_upper.png|640|480|230|55|287|142|258.5|98.5|57|87
label::robot|16_02_2018__11_18_08_0547_upper.png|640|480|26|29|106|174|66.0|101.5|80|145
label::robot|16_02_2018__11_18_08_0547_upper.png|640|480|12|38|37|105|24.5|71.5|25|67
label::robot|16_02_2018__11_18_08_0547_upper.png|640|480|410|61|500|282|455.0|171.5|90|221
label::robot|16_02_2018__11_18_08_0547_upper.png|640|480|462|63|546|242|504.0|152.5|84|179
label::robot|16_02_2018__11_18_08_0548_upper.png|640|480|531|63|602|154|566.5|108.5|71|91
label::robot|16_02_2018__11_18_08_0548_upper.png|640|480|233|53|271|117|252.0|85.0|38|64
label::robot|16_02_2018__11_18_08_0548_upper.png|640|480|275|69|328|174|301.5|121.5|53|105
label::robot|16_02_2018__11_18_08_0548_upper.png|640|480|328|50|399|198|363.5|124.0|71|148
label::robot|16_02_2018__11_18_08_0548_upper.png|640|480|307|51|341|106|324.0|78.5|34|55
label::robot|16_02_2018__11_18_08_0549_upper.png|640|480|518|55|583|155|550.5|105.0|65|100
label::robot|16_02_2018__11_18_08_0549_upper.png|640|480|204|39|248|111|226.0|75.0|44|72
label::robot|16_02_2018__11_18_08_0549_upper.png|640|480|302|44|373|176|337.5|110.0|71|132
label::robot|16_02_2018__11_18_08_0549_upper.png|640|480|260|44|313|172|286.5|108.0|53|128
label::robot|16_02_2018__11_18_08_0552_upper.png|640|480|491|5|567|113|529.0|59.0|76|108
label::robot|16_02_2018__11_18_08_0552_upper.png|640|480|356|0|386|61|371.0|30.5|30|61
label::robot|16_02_2018__11_18_08_0552_upper.png|640|480|187|0|299|147|243.0|73.5|112|147
label::robot|16_02_2018__11_18_08_0552_upper.png|640|480|134|0|216|133|175.0|66.5|82|133
label::robot|16_02_2018__11_18_08_0552_upper.png|640|480|119|0|170|53|144.5|26.5|51|53
label::robot|16_02_2018__11_18_08_0553_upper.png|640|480|251|61|325|174|288.0|117.5|74|113
label::robot|16_02_2018__11_18_08_0553_upper.png|640|480|122|47|165|135|143.5|91.0|43|88
label::robot|16_02_2018__11_18_08_0553_upper.png|640|480|0|0|64|261|32.0|130.5|64|261
label::robot|16_02_2018__11_18_08_0554_upper.png|640|480|429|94|640|411|534.5|252.5|211|317
label::robot|16_02_2018__11_18_08_0554_upper.png|640|480|115|20|358|393|236.5|206.5|243|373
label::robot|16_02_2018__11_18_08_0556_upper.png|640|480|0|75|139|476|69.5|275.5|139|401
label::robot|16_02_2018__11_18_08_0559_upper.png|640|480|54|6|450|480|252.0|243.0|396|474
label::robot|16_02_2018__11_18_08_0559_upper.png|640|480|0|0|166|463|83.0|231.5|166|463
label::robot|16_02_2018__11_18_08_0559_upper.png|640|480|470|0|596|139|533.0|69.5|126|139
robot|16_02_2018__11_18_08_0562_upper.png|not_in_image
label::robot|16_02_2018__11_18_08_0563_upper.png|640|480|210|0|315|115|262.5|57.5|105|115
label::robot|16_02_2018__11_18_08_0563_upper.png|640|480|0|20|113|470|56.5|245.0|113|450
label::robot|16_02_2018__11_18_08_0564_upper.png|640|480|0|176|105|480|52.5|328.0|105|304
label::robot|16_02_2018__11_18_08_0564_upper.png|640|480|134|0|254|109|194.0|54.5|120|109
label::robot|16_02_2018__11_18_08_0565_upper.png|640|480|181|1|417|480|299.0|240.5|236|479
label::robot|16_02_2018__11_18_08_0565_upper.png|640|480|480|14|596|203|538.0|108.5|116|189
label::robot|16_02_2018__11_18_08_0565_upper.png|640|480|38|0|278|392|158.0|196.0|240|392
label::robot|16_02_2018__11_18_08_0566_upper.png|640|480|0|0|141|474|70.5|237.0|141|474
label::robot|16_02_2018__11_18_08_0566_upper.png|640|480|330|0|448|134|389.0|67.0|118|134
label::robot|16_02_2018__11_18_08_0566_upper.png|640|480|20|0|116|68|68.0|34.0|96|68
label::robot|16_02_2018__11_18_08_0567_upper.png|640|480|451|0|640|357|545.5|178.5|189|357
label::robot|16_02_2018__11_18_08_0570_upper.png|640|480|69|79|318|310|193.5|194.5|249|231
label::robot|16_02_2018__11_18_08_0570_upper.png|640|480|357|0|535|238|446.0|119.0|178|238
label::robot|16_02_2018__11_18_08_0572_upper.png|640|480|443|5|555|179|499.0|92.0|112|174
label::robot|16_02_2018__11_18_08_0572_upper.png|640|480|202|0|333|269|267.5|134.5|131|269
label::robot|16_02_2018__11_18_08_0572_upper.png|640|480|0|50|235|381|117.5|215.5|235|331
label::robot|16_02_2018__11_18_08_0573_upper.png|640|480|104|26|408|386|256.0|206.0|304|360
label::robot|16_02_2018__11_18_08_0573_upper.png|640|480|367|6|535|254|451.0|130.0|168|248
label::robot|16_02_2018__11_18_08_0573_upper.png|640|480|170|7|233|98|201.5|52.5|63|91
label::robot|16_02_2018__11_18_08_0573_upper.png|640|480|91|0|130|47|110.5|23.5|39|47
label::robot|16_02_2018__11_18_08_0573_upper.png|640|480|0|0|39|73|19.5|36.5|39|73
label::robot|16_02_2018__11_18_08_0575_upper.png|640|480|596|11|640|234|618.0|122.5|44|223
label::robot|16_02_2018__11_18_08_0575_upper.png|640|480|178|0|478|369|328.0|184.5|300|369
label::robot|16_02_2018__11_18_08_0575_upper.png|640|480|341|0|476|207|408.5|103.5|135|207
label::robot|16_02_2018__11_18_08_0575_upper.png|640|480|158|0|200|63|179.0|31.5|42|63
label::robot|16_02_2018__11_18_08_0575_upper.png|640|480|58|0|110|76|84.0|38.0|52|76
label::robot|16_02_2018__11_18_08_0575_upper.png|640|480|0|0|52|165|26.0|82.5|52|165
label::robot|16_02_2018__11_18_08_0575_upper.png|640|480|234|7|275|75|254.5|41.0|41|68
label::robot|16_02_2018__11_18_08_0580_upper.png|640|480|39|35|146|183|92.5|109.0|107|148
label::robot|16_02_2018__11_18_08_0580_upper.png|640|480|180|49|226|115|203.0|82.0|46|66
label::robot|16_02_2018__11_18_08_0580_upper.png|640|480|283|60|316|110|299.5|85.0|33|50
label::robot|16_02_2018__11_18_08_0580_upper.png|640|480|346|64|376|113|361.0|88.5|30|49
label::robot|16_02_2018__11_18_08_0580_upper.png|640|480|351|37|478|333|414.5|185.0|127|296
label::robot|16_02_2018__11_18_08_0580_upper.png|640|480|462|42|531|251|496.5|146.5|69|209
label::robot|16_02_2018__11_18_08_0581_upper.png|640|480|365|41|463|238|414.0|139.5|98|197
label::robot|16_02_2018__11_18_08_0581_upper.png|640|480|337|48|389|147|363.0|97.5|52|99
label::robot|16_02_2018__11_18_08_0581_upper.png|640|480|36|2|196|278|116.0|140.0|160|276
label::robot|16_02_2018__11_18_08_0581_upper.png|640|480|154|0|222|204|188.0|102.0|68|204
label::robot|16_02_2018__11_18_08_0581_upper.png|640|480|5|8|50|81|27.5|44.5|45|73
label::robot|16_02_2018__11_18_08_0582_upper.png|640|480|0|0|66|84|33.0|42.0|66|84
label::robot|16_02_2018__11_18_08_0582_upper.png|640|480|326|0|449|166|387.5|83.0|123|166
label::robot|16_02_2018__11_18_08_0582_upper.png|640|480|431|0|504|113|467.5|56.5|73|113
label::robot|16_02_2018__11_18_08_0583_upper.png|640|480|494|0|630|235|562.0|117.5|136|235
label::robot|16_02_2018__11_18_08_0583_upper.png|640|480|272|1|332|88|302.0|44.5|60|87
label::robot|16_02_2018__11_18_08_0583_upper.png|640|480|0|0|139|197|69.5|98.5|139|197
label::robot|16_02_2018__11_18_08_0583_upper.png|640|480|55|0|155|152|105.0|76.0|100|152
label::robot|16_02_2018__11_18_08_0584_upper.png|640|480|534|0|610|99|572.0|49.5|76|99
label::robot|16_02_2018__11_18_08_0584_upper.png|640|480|0|0|43|121|21.5|60.5|43|121
label::robot|16_02_2018__11_18_08_0584_upper.png|640|480|82|0|144|44|113.0|22.0|62|44
label::robot|16_02_2018__11_18_08_0584_upper.png|640|480|173|4|199|33|186.0|18.5|26|29
label::robot|16_02_2018__11_18_08_0584_upper.png|640|480|217|0|246|38|231.5|19.0|29|38
label::robot|16_02_2018__11_18_08_0584_upper.png|640|480|296|0|421|190|358.5|95.0|125|190
label::robot|16_02_2018__11_18_08_0586_upper.png|640|480|493|0|640|270|566.5|135.0|147|270
label::robot|16_02_2018__11_18_08_0586_upper.png|640|480|356|14|425|107|390.5|60.5|69|93
label::robot|16_02_2018__11_18_08_0586_upper.png|640|480|110|1|235|198|172.5|99.5|125|197
label::robot|16_02_2018__11_18_08_0586_upper.png|640|480|121|0|198|178|159.5|89.0|77|178
label::robot|16_02_2018__11_18_08_0586_upper.png|640|480|0|0|28|48|14.0|24.0|28|48
label::robot|16_02_2018__11_18_08_0586_upper.png|640|480|35|0|71|56|53.0|28.0|36|56
label::robot|16_02_2018__11_18_08_0587_upper.png|640|480|561|161|640|297|600.5|229.0|79|136
label::robot|16_02_2018__11_18_08_0587_upper.png|640|480|307|80|387|219|347.0|149.5|80|139
label::robot|16_02_2018__11_18_08_0587_upper.png|640|480|398|91|441|150|419.5|120.5|43|59
label::robot|16_02_2018__11_18_08_0587_upper.png|640|480|484|92|516|142|500.0|117.0|32|50
label::robot|16_02_2018__11_18_08_0587_upper.png|640|480|516|90|547|144|531.5|117.0|31|54
label::robot|16_02_2018__11_18_08_0590_upper.png|640|480|362|5|395|58|378.5|31.5|33|53
label::robot|16_02_2018__11_18_08_0590_upper.png|640|480|334|4|369|56|351.5|30.0|35|52
label::robot|16_02_2018__11_18_08_0590_upper.png|640|480|229|0|276|78|252.5|39.0|47|78
label::robot|16_02_2018__11_18_08_0590_upper.png|640|480|419|51|589|185|504.0|118.0|170|134
label::robot|16_02_2018__11_18_08_0590_upper.png|640|480|192|0|281|125|236.5|62.5|89|125
label::robot|16_02_2018__11_18_08_0590_upper.png|640|480|410|1|543|224|476.5|112.5|133|223
label::robot|16_02_2018__11_18_08_0591_upper.png|640|480|187|4|281|144|234.0|74.0|94|140
label::robot|16_02_2018__11_18_08_0591_upper.png|640|480|340|30|379|82|359.5|56.0|39|52
label::robot|16_02_2018__11_18_08_0591_upper.png|640|480|369|26|406|97|387.5|61.5|37|71
label::robot|16_02_2018__11_18_08_0591_upper.png|640|480|416|8|528|269|472.0|138.5|112|261
label::robot|16_02_2018__11_18_08_0591_upper.png|640|480|445|62|605|215|525.0|138.5|160|153
label::robot|16_02_2018__11_18_08_0591_upper.png|640|480|609|14|640|298|624.5|156.0|31|284
label::robot|16_02_2018__11_18_08_0592_upper.png|640|480|576|74|640|185|608.0|129.5|64|111
label::robot|16_02_2018__11_18_08_0592_upper.png|640|480|464|49|581|334|522.5|191.5|117|285
label::robot|16_02_2018__11_18_08_0592_upper.png|640|480|337|75|445|211|391.0|143.0|108|136
label::robot|16_02_2018__11_18_08_0592_upper.png|640|480|213|17|337|269|275.0|143.0|124|252
label::robot|16_02_2018__11_18_08_0592_upper.png|640|480|10|19|111|158|60.5|88.5|101|139
label::robot|16_02_2018__11_18_08_0592_upper.png|640|480|179|43|213|93|196.0|68.0|34|50
label::robot|16_02_2018__11_18_08_0592_upper.png|640|480|208|48|243|101|225.5|74.5|35|53
label::robot|16_02_2018__11_18_08_0593_upper.png|640|480|338|0|381|82|359.5|41.0|43|82
label::robot|16_02_2018__11_18_08_0593_upper.png|640|480|457|0|578|224|517.5|112.0|121|224
label::robot|16_02_2018__11_18_08_0593_upper.png|640|480|462|11|505|76|483.5|43.5|43|65
label::robot|16_02_2018__11_18_08_0593_upper.png|640|480|344|0|432|129|388.0|64.5|88|129
label::robot|16_02_2018__11_18_08_0598_upper.png|640|480|430|33|485|139|457.5|86.0|55|106
label::robot|16_02_2018__11_18_08_0598_upper.png|640|480|238|10|322|181|280.0|95.5|84|171
label::robot|16_02_2018__11_18_08_0598_upper.png|640|480|0|32|117|142|58.5|87.0|117|110
label::robot|16_02_2018__11_18_08_0598_upper.png|640|480|13|7|42|53|27.5|30.0|29|46
label::robot|16_02_2018__11_18_08_0598_upper.png|640|480|37|5|81|57|59.0|31.0|44|52
label::robot|16_02_2018__11_18_08_0598_upper.png|640|480|111|0|209|187|160.0|93.5|98|187
robot|16_02_2018__11_18_08_0601_upper.png|not_in_image
label::robot|16_02_2018__11_18_08_0602_upper.png|640|480|522|6|624|160|573.0|83.0|102|154
label::robot|16_02_2018__11_18_08_0602_upper.png|640|480|186|2|245|76|215.5|39.0|59|74
label::robot|16_02_2018__11_18_08_0602_upper.png|640|480|246|0|327|133|286.5|66.5|81|133
label::robot|16_02_2018__11_18_08_0602_upper.png|640|480|340|7|430|162|385.0|84.5|90|155
label::robot|16_02_2018__11_18_08_0602_upper.png|640|480|390|10|460|122|425.0|66.0|70|112
label::robot|16_02_2018__11_18_08_0602_upper.png|640|480|339|7|373|75|356.0|41.0|34|68
label::robot|16_02_2018__11_18_08_0602_upper.png|640|480|336|6|355|52|345.5|29.0|19|46
label::robot|16_02_2018__11_18_08_0603_upper.png|640|480|118|0|170|139|144.0|69.5|52|139
label::robot|16_02_2018__11_18_08_0603_upper.png|640|480|0|0|90|164|45.0|82.0|90|164
robot|16_02_2018__11_18_08_0605_upper.png|not_in_image
label::robot|16_02_2018__11_18_08_0606_upper.png|640|480|577|59|640|207|608.5|133.0|63|148
label::robot|16_02_2018__11_18_08_0606_upper.png|640|480|490|49|587|198|538.5|123.5|97|149
label::robot|16_02_2018__11_18_08_0606_upper.png|640|480|474|60|510|105|492.0|82.5|36|45
label::robot|16_02_2018__11_18_08_0606_upper.png|640|480|469|59|492|106|480.5|82.5|23|47
label::robot|16_02_2018__11_18_08_0606_upper.png|640|480|338|43|408|150|373.0|96.5|70|107
label::robot|16_02_2018__11_18_08_0606_upper.png|640|480|330|48|373|116|351.5|82.0|43|68
robot|16_02_2018__11_18_08_0607_upper.png|not_in_image
label::robot|16_02_2018__11_18_08_0609_upper.png|640|480|349|91|408|189|378.5|140.0|59|98
label::robot|16_02_2018__11_18_08_0609_upper.png|640|480|338|93|379|155|358.5|124.0|41|62
label::robot|16_02_2018__11_18_08_0609_upper.png|640|480|525|100|624|272|574.5|186.0|99|172
label::robot|16_02_2018__11_18_08_0609_upper.png|640|480|619|99|640|221|629.5|160.0|21|122
label::robot|16_02_2018__11_18_08_0609_upper.png|640|480|485|104|558|224|521.5|164.0|73|120
label::robot|16_02_2018__11_18_08_0609_upper.png|640|480|488|104|517|156|502.5|130.0|29|52
label::robot|16_02_2018__11_18_08_0609_upper.png|640|480|479|105|496|152|487.5|128.5|17|47
label::robot|16_02_2018__11_18_08_0609_upper.png|640|480|543|105|595|214|569.0|159.5|52|109
robot|16_02_2018__11_18_08_0611_upper.png|not_in_image
label::robot|16_02_2018__11_18_08_0613_upper.png|640|480|228|78|352|253|290.0|165.5|124|175
label::robot|16_02_2018__11_18_08_0613_upper.png|640|480|221|119|328|208|274.5|163.5|107|89
label::robot|16_02_2018__11_18_08_0613_upper.png|640|480|130|78|189|177|159.5|127.5|59|99
label::robot|16_02_2018__11_18_08_0613_upper.png|640|480|177|81|219|140|198.0|110.5|42|59
label::robot|16_02_2018__11_18_08_0613_upper.png|640|480|75|62|140|164|107.5|113.0|65|102
label::robot|16_02_2018__11_18_08_0613_upper.png|640|480|25|50|62|113|43.5|81.5|37|63
label::robot|16_02_2018__11_18_08_0614_upper.png|640|480|174|25|270|214|222.0|119.5|96|189
label::robot|16_02_2018__11_18_08_0614_upper.png|640|480|0|19|41|94|20.5|56.5|41|75
label::robot|16_02_2018__11_18_08_0614_upper.png|640|480|143|38|185|101|164.0|69.5|42|63
label::robot|16_02_2018__11_18_08_0614_upper.png|640|480|92|30|148|135|120.0|82.5|56|105
label::robot|16_02_2018__11_18_08_0614_upper.png|640|480|76|25|124|116|100.0|70.5|48|91
robot|16_02_2018__11_18_08_0616_upper.png|not_in_image
label::robot|16_02_2018__11_18_08_0617_upper.png|640|480|591|69|640|272|615.5|170.5|49|203
robot|16_02_2018__11_18_08_0621_upper.png|not_in_image
label::robot|16_02_2018__11_18_08_0622_upper.png|640|480|224|0|316|177|270.0|88.5|92|177
label::robot|16_02_2018__11_18_08_0622_upper.png|640|480|312|2|365|101|338.5|51.5|53|99
label::robot|16_02_2018__11_18_08_0622_upper.png|640|480|410|10|462|94|436.0|52.0|52|84
label::robot|16_02_2018__11_18_08_0622_upper.png|640|480|474|11|535|129|504.5|70.0|61|118
label::robot|16_02_2018__11_18_08_0622_upper.png|640|480|533|14|586|133|559.5|73.5|53|119
label::robot|16_02_2018__11_18_08_0623_upper.png|640|480|453|8|505|101|479.0|54.5|52|93
label::robot|16_02_2018__11_18_08_0623_upper.png|640|480|376|0|430|106|403.0|53.0|54|106
label::robot|16_02_2018__11_18_08_0623_upper.png|640|480|324|0|380|72|352.0|36.0|56|72
label::robot|16_02_2018__11_18_08_0623_upper.png|640|480|240|0|309|75|274.5|37.5|69|75
label::robot|16_02_2018__11_18_08_0623_upper.png|640|480|156|0|256|153|206.0|76.5|100|153
label::robot|16_02_2018__11_18_08_0624_upper.png|640|480|586|66|640|160|613.0|113.0|54|94
label::robot|16_02_2018__11_18_08_0624_upper.png|640|480|487|64|553|167|520.0|115.5|66|103
label::robot|16_02_2018__11_18_08_0624_upper.png|640|480|435|56|478|139|456.5|97.5|43|83
label::robot|16_02_2018__11_18_08_0624_upper.png|640|480|357|63|408|152|382.5|107.5|51|89
label::robot|16_02_2018__11_18_08_0624_upper.png|640|480|270|53|361|230|315.5|141.5|91|177
label::robot|16_02_2018__11_18_08_0624_upper.png|640|480|467|64|493|123|480.0|93.5|26|59
label::robot|16_02_2018__11_18_08_0627_upper.png|640|480|264|11|334|174|299.0|92.5|70|163
label::robot|16_02_2018__11_18_08_0627_upper.png|640|480|524|21|586|111|555.0|66.0|62|90
label::robot|16_02_2018__11_18_08_0627_upper.png|640|480|321|13|374|99|347.5|56.0|53|86
label::robot|16_02_2018__11_18_08_0627_upper.png|640|480|369|21|404|78|386.5|49.5|35|57
label::robot|16_02_2018__11_18_08_0627_upper.png|640|480|433|21|472|103|452.5|62.0|39|82
label::robot|16_02_2018__11_18_08_0627_upper.png|640|480|476|22|501|77|488.5|49.5|25|55
label::robot|16_02_2018__11_18_08_0627_upper.png|640|480|450|43|502|87|476.0|65.0|52|44
label::robot|16_02_2018__11_18_08_0628_upper.png|640|480|553|47|613|133|583.0|90.0|60|86
label::robot|16_02_2018__11_18_08_0628_upper.png|640|480|276|32|355|198|315.5|115.0|79|166
label::robot|16_02_2018__11_18_08_0628_upper.png|640|480|289|86|393|127|341.0|106.5|104|41
label::robot|16_02_2018__11_18_08_0628_upper.png|640|480|441|47|477|112|459.0|79.5|36|65
label::robot|16_02_2018__11_18_08_0628_upper.png|640|480|384|48|426|106|405.0|77.0|42|58
label::robot|16_02_2018__11_18_08_0628_upper.png|640|480|467|68|522|109|494.5|88.5|55|41
label::robot|16_02_2018__11_18_08_0628_upper.png|640|480|490|42|518|97|504.0|69.5|28|55
label::robot|16_02_2018__11_18_08_0631_upper.png|640|480|564|73|617|148|590.5|110.5|53|75
label::robot|16_02_2018__11_18_08_0631_upper.png|640|480|295|51|374|209|334.5|130.0|79|158
label::robot|16_02_2018__11_18_08_0631_upper.png|640|480|377|61|412|142|394.5|101.5|35|81
label::robot|16_02_2018__11_18_08_0631_upper.png|640|480|400|68|423|112|411.5|90.0|23|44
label::robot|16_02_2018__11_18_08_0632_upper.png|640|480|400|42|443|122|421.5|82.0|43|80
label::robot|16_02_2018__11_18_08_0632_upper.png|640|480|308|36|349|105|328.5|70.5|41|69
label::robot|16_02_2018__11_18_08_0632_upper.png|640|480|252|32|291|100|271.5|66.0|39|68
label::robot|16_02_2018__11_18_08_0632_upper.png|640|480|185|50|241|98|213.0|74.0|56|48
label::robot|16_02_2018__11_18_08_0632_upper.png|640|480|134|24|185|109|159.5|66.5|51|85
label::robot|16_02_2018__11_18_08_0632_upper.png|640|480|7|2|99|181|53.0|91.5|92|179
label::robot|16_02_2018__11_18_08_0633_upper.png|640|480|278|14|349|181|313.5|97.5|71|167
label::robot|16_02_2018__11_18_08_0633_upper.png|640|480|381|41|435|125|408.0|83.0|54|84
label::robot|16_02_2018__11_18_08_0633_upper.png|640|480|567|45|617|127|592.0|86.0|50|82
label::robot|16_02_2018__11_18_08_0633_upper.png|640|480|443|63|491|110|467.0|86.5|48|47
label::robot|16_02_2018__11_18_08_0633_upper.png|640|480|505|51|548|110|526.5|80.5|43|59
label::robot|16_02_2018__11_18_08_0633_upper.png|640|480|500|45|534|101|517.0|73.0|34|56
label::robot|16_02_2018__11_18_08_0634_upper.png|640|480|171|98|240|240|205.5|169.0|69|142
label::robot|16_02_2018__11_18_08_0634_upper.png|640|480|527|118|567|201|547.0|159.5|40|83
label::robot|16_02_2018__11_18_08_0634_upper.png|640|480|442|116|482|187|462.0|151.5|40|71
label::robot|16_02_2018__11_18_08_0634_upper.png|640|480|392|117|419|184|405.5|150.5|27|67
label::robot|16_02_2018__11_18_08_0634_upper.png|640|480|314|127|382|185|348.0|156.0|68|58
label::robot|16_02_2018__11_18_08_0634_upper.png|640|480|274|111|313|184|293.5|147.5|39|73
label::robot|16_02_2018__11_18_08_0634_upper.png|640|480|382|118|400|165|391.0|141.5|18|47
label::robot|16_02_2018__11_18_08_0634_upper.png|640|480|296|117|316|168|306.0|142.5|20|51
label::robot|16_02_2018__11_18_08_0642_upper.png|640|480|0|0|53|70|26.5|35.0|53|70
label::robot|16_02_2018__11_18_08_0644_upper.png|640|480|266|23|357|184|311.5|103.5|91|161
label::robot|16_02_2018__11_18_08_0644_upper.png|640|480|313|33|346|112|329.5|72.5|33|79
label::robot|16_02_2018__11_18_08_0644_upper.png|640|480|427|57|468|119|447.5|88.0|41|62
label::robot|16_02_2018__11_18_08_0644_upper.png|640|480|609|45|640|113|624.5|79.0|31|68
label::robot|16_02_2018__11_18_08_0644_upper.png|640|480|525|53|581|115|553.0|84.0|56|62
label::robot|16_02_2018__11_18_08_0644_upper.png|640|480|494|52|537|101|515.5|76.5|43|49
label::robot|16_02_2018__11_18_08_0648_upper.png|640|480|166|121|238|275|202.0|198.0|72|154
label::robot|16_02_2018__11_18_08_0648_upper.png|640|480|208|117|239|197|223.5|157.0|31|80
label::robot|16_02_2018__11_18_08_0648_upper.png|640|480|275|134|304|202|289.5|168.0|29|68
label::robot|16_02_2018__11_18_08_0648_upper.png|640|480|549|158|597|234|573.0|196.0|48|76
label::robot|16_02_2018__11_18_08_0648_upper.png|640|480|411|144|456|205|433.5|174.5|45|61
label::robot|16_02_2018__11_18_08_0648_upper.png|640|480|374|144|412|210|393.0|177.0|38|66
label::robot|16_02_2018__11_18_08_0648_upper.png|640|480|348|164|388|191|368.0|177.5|40|27
label::robot|16_02_2018__11_18_08_0651_upper.png|640|480|264|27|344|197|304.0|112.0|80|170
label::robot|16_02_2018__11_18_08_0651_upper.png|640|480|361|47|388|113|374.5|80.0|27|66
label::robot|16_02_2018__11_18_08_0651_upper.png|640|480|436|57|461|104|448.5|80.5|25|47
label::robot|16_02_2018__11_18_08_0651_upper.png|640|480|457|51|482|109|469.5|80.0|25|58
label::robot|16_02_2018__11_18_08_0651_upper.png|640|480|498|52|523|107|510.5|79.5|25|55
label::robot|16_02_2018__11_18_08_0651_upper.png|640|480|479|47|505|103|492.0|75.0|26|56
label::robot|16_02_2018__11_18_08_0651_upper.png|640|480|334|43|363|111|348.5|77.0|29|68
